[[-1. -1. -1. -1. -1. -1. -1. -1. -1. -1. -1. -1. -1.]
 [-1.  1.  0.  0.  0.  0.  0. -1. -1. -1.  0.  0. -1.]
 [-1. -1. -1. -1. -1.  0.  0. -1. -1. -1.  0.  0. -1.]
 [-1. -1. -1. -1. -1.  0.  0. -1. -1. -1.  0.  0. -1.]
 [-1. -1. -1. -1. -1.  0.  0. -1. -1. -1.  0.  0. -1.]
 [-1. -1. -1. -1. -1.  0.  0. -1. -1. -1.  0.  0. -1.]
 [-1. -1. -1.  0.  0.  0.  0. -1. -1. -1.  0.  0. -1.]
 [-1. -1. -1.  0.  0.  0.  0. -1. -1. -1.  0.  0. -1.]
 [-1. -1. -1.  0.  0.  0.  0. -1. -1. -1.  0.  0. -1.]
 [-1. -1. -1.  0.  0.  0.  0.  0.  0.  0.  0.  0. -1.]
 [-1. -1. -1.  0.  0.  0.  0.  0.  0.  0.  0.  0. -1.]
 [-1. -1. -1. -1. -1. -1. -1. -1. -1. -1. -1. -1. -1.]]

[[-1.   -1.   -1.   -1.   -1.   -1.   -1.   -1.   -1.   -1.   -1.   -1.
  -1.  ]
 [-1.    0.    0.85  0.1   0.05  0.    0.   -1.   -1.   -1.    0.    0.
  -1.  ]
 [-1.   -1.   -1.   -1.   -1.    0.    0.   -1.   -1.   -1.    0.    0.
  -1.  ]
 [-1.   -1.   -1.   -1.   -1.    0.    0.   -1.   -1.   -1.    0.    0.
  -1.  ]
 [-1.   -1.   -1.   -1.   -1.    0.    0.   -1.   -1.   -1.    0.    0.
  -1.  ]
 [-1.   -1.   -1.   -1.   -1.    0.    0.   -1.   -1.   -1.    0.    0.
  -1.  ]
 [-1.   -1.   -1.    0.    0.    0.    0.   -1.   -1.   -1.    0.    0.
  -1.  ]
 [-1.   -1.   -1.    0.    0.    0.    0.   -1.   -1.   -1.    0.    0.
  -1.  ]
 [-1.   -1.   -1.    0.    0.    0.    0.   -1.   -1.   -1.    0.    0.
  -1.  ]
 [-1.   -1.   -1.    0.    0.    0.    0.    0.    0.    0.    0.    0.
  -1.  ]
 [-1.   -1.   -1.    0.    0.    0.    0.    0.    0.    0.    0.    0.
  -1.  ]
 [-1.   -1.   -1.   -1.   -1.   -1.   -1.   -1.   -1.   -1.   -1.   -1.
  -1.  ]]

[[-1. -1. -1. -1. -1. -1. -1. -1. -1. -1. -1. -1. -1.]
 [-1.  0.  1.  0.  0.  0.  0. -1. -1. -1.  0.  0. -1.]
 [-1. -1. -1. -1. -1.  0.  0. -1. -1. -1.  0.  0. -1.]
 [-1. -1. -1. -1. -1.  0.  0. -1. -1. -1.  0.  0. -1.]
 [-1. -1. -1. -1. -1.  0.  0. -1. -1. -1.  0.  0. -1.]
 [-1. -1. -1. -1. -1.  0.  0. -1. -1. -1.  0.  0. -1.]
 [-1. -1. -1.  0.  0.  0.  0. -1. -1. -1.  0.  0. -1.]
 [-1. -1. -1.  0.  0.  0.  0. -1. -1. -1.  0.  0. -1.]
 [-1. -1. -1.  0.  0.  0.  0. -1. -1. -1.  0.  0. -1.]
 [-1. -1. -1.  0.  0.  0.  0.  0.  0.  0.  0.  0. -1.]
 [-1. -1. -1.  0.  0.  0.  0.  0.  0.  0.  0.  0. -1.]
 [-1. -1. -1. -1. -1. -1. -1. -1. -1. -1. -1. -1. -1.]]

[[-1. -1. -1. -1. -1. -1. -1. -1. -1. -1. -1. -1. -1.]
 [-1.  0.  1.  0.  0.  0.  0. -1. -1. -1.  0.  0. -1.]
 [-1. -1. -1. -1. -1.  0.  0. -1. -1. -1.  0.  0. -1.]
 [-1. -1. -1. -1. -1.  0.  0. -1. -1. -1.  0.  0. -1.]
 [-1. -1. -1. -1. -1.  0.  0. -1. -1. -1.  0.  0. -1.]
 [-1. -1. -1. -1. -1.  0.  0. -1. -1. -1.  0.  0. -1.]
 [-1. -1. -1.  0.  0.  0.  0. -1. -1. -1.  0.  0. -1.]
 [-1. -1. -1.  0.  0.  0.  0. -1. -1. -1.  0.  0. -1.]
 [-1. -1. -1.  0.  0.  0.  0. -1. -1. -1.  0.  0. -1.]
 [-1. -1. -1.  0.  0.  0.  0.  0.  0.  0.  0.  0. -1.]
 [-1. -1. -1.  0.  0.  0.  0.  0.  0.  0.  0.  0. -1.]
 [-1. -1. -1. -1. -1. -1. -1. -1. -1. -1. -1. -1. -1.]]

[[-1.         -1.         -1.         -1.         -1.         -1.
  -1.         -1.         -1.         -1.         -1.         -1.
  -1.        ]
 [-1.          0.          0.          0.86720333  0.13279667  0.
   0.         -1.         -1.         -1.          0.          0.
  -1.        ]
 [-1.         -1.         -1.         -1.         -1.          0.
   0.         -1.         -1.         -1.          0.          0.
  -1.        ]
 [-1.         -1.         -1.         -1.         -1.          0.
   0.         -1.         -1.         -1.          0.          0.
  -1.        ]
 [-1.         -1.         -1.         -1.         -1.          0.
   0.         -1.         -1.         -1.          0.          0.
  -1.        ]
 [-1.         -1.         -1.         -1.         -1.          0.
   0.         -1.         -1.         -1.          0.          0.
  -1.        ]
 [-1.         -1.         -1.          0.          0.          0.
   0.         -1.         -1.         -1.          0.          0.
  -1.        ]
 [-1.         -1.         -1.          0.          0.          0.
   0.         -1.         -1.         -1.          0.          0.
  -1.        ]
 [-1.         -1.         -1.          0.          0.          0.
   0.         -1.         -1.         -1.          0.          0.
  -1.        ]
 [-1.         -1.         -1.          0.          0.          0.
   0.          0.          0.          0.          0.          0.
  -1.        ]
 [-1.         -1.         -1.          0.          0.          0.
   0.          0.          0.          0.          0.          0.
  -1.        ]
 [-1.         -1.         -1.         -1.         -1.         -1.
  -1.         -1.         -1.         -1.         -1.         -1.
  -1.        ]]

[[-1. -1. -1. -1. -1. -1. -1. -1. -1. -1. -1. -1. -1.]
 [-1.  0.  0.  0.  1.  0.  0. -1. -1. -1.  0.  0. -1.]
 [-1. -1. -1. -1. -1.  0.  0. -1. -1. -1.  0.  0. -1.]
 [-1. -1. -1. -1. -1.  0.  0. -1. -1. -1.  0.  0. -1.]
 [-1. -1. -1. -1. -1.  0.  0. -1. -1. -1.  0.  0. -1.]
 [-1. -1. -1. -1. -1.  0.  0. -1. -1. -1.  0.  0. -1.]
 [-1. -1. -1.  0.  0.  0.  0. -1. -1. -1.  0.  0. -1.]
 [-1. -1. -1.  0.  0.  0.  0. -1. -1. -1.  0.  0. -1.]
 [-1. -1. -1.  0.  0.  0.  0. -1. -1. -1.  0.  0. -1.]
 [-1. -1. -1.  0.  0.  0.  0.  0.  0.  0.  0.  0. -1.]
 [-1. -1. -1.  0.  0.  0.  0.  0.  0.  0.  0.  0. -1.]
 [-1. -1. -1. -1. -1. -1. -1. -1. -1. -1. -1. -1. -1.]]

[[-1.00000000e+00 -1.00000000e+00 -1.00000000e+00 -1.00000000e+00
  -1.00000000e+00 -1.00000000e+00 -1.00000000e+00 -1.00000000e+00
  -1.00000000e+00 -1.00000000e+00 -1.00000000e+00 -1.00000000e+00
  -1.00000000e+00]
 [-1.00000000e+00  0.00000000e+00  0.00000000e+00  0.00000000e+00
   0.00000000e+00  4.87522583e-01  3.90301963e-05 -1.00000000e+00
  -1.00000000e+00 -1.00000000e+00  0.00000000e+00  0.00000000e+00
  -1.00000000e+00]
 [-1.00000000e+00 -1.00000000e+00 -1.00000000e+00 -1.00000000e+00
  -1.00000000e+00  4.59054731e-01  2.67695855e-02 -1.00000000e+00
  -1.00000000e+00 -1.00000000e+00  0.00000000e+00  0.00000000e+00
  -1.00000000e+00]
 [-1.00000000e+00 -1.00000000e+00 -1.00000000e+00 -1.00000000e+00
  -1.00000000e+00  2.66140706e-02  0.00000000e+00 -1.00000000e+00
  -1.00000000e+00 -1.00000000e+00  0.00000000e+00  0.00000000e+00
  -1.00000000e+00]
 [-1.00000000e+00 -1.00000000e+00 -1.00000000e+00 -1.00000000e+00
  -1.00000000e+00  0.00000000e+00  0.00000000e+00 -1.00000000e+00
  -1.00000000e+00 -1.00000000e+00  0.00000000e+00  0.00000000e+00
  -1.00000000e+00]
 [-1.00000000e+00 -1.00000000e+00 -1.00000000e+00 -1.00000000e+00
  -1.00000000e+00  0.00000000e+00  0.00000000e+00 -1.00000000e+00
  -1.00000000e+00 -1.00000000e+00  0.00000000e+00  0.00000000e+00
  -1.00000000e+00]
 [-1.00000000e+00 -1.00000000e+00 -1.00000000e+00  0.00000000e+00
   0.00000000e+00  0.00000000e+00  0.00000000e+00 -1.00000000e+00
  -1.00000000e+00 -1.00000000e+00  0.00000000e+00  0.00000000e+00
  -1.00000000e+00]
 [-1.00000000e+00 -1.00000000e+00 -1.00000000e+00  0.00000000e+00
   0.00000000e+00  0.00000000e+00  0.00000000e+00 -1.00000000e+00
  -1.00000000e+00 -1.00000000e+00  0.00000000e+00  0.00000000e+00
  -1.00000000e+00]
 [-1.00000000e+00 -1.00000000e+00 -1.00000000e+00  0.00000000e+00
   0.00000000e+00  0.00000000e+00  0.00000000e+00 -1.00000000e+00
  -1.00000000e+00 -1.00000000e+00  0.00000000e+00  0.00000000e+00
  -1.00000000e+00]
 [-1.00000000e+00 -1.00000000e+00 -1.00000000e+00  0.00000000e+00
   0.00000000e+00  0.00000000e+00  0.00000000e+00  0.00000000e+00
   0.00000000e+00  0.00000000e+00  0.00000000e+00  0.00000000e+00
  -1.00000000e+00]
 [-1.00000000e+00 -1.00000000e+00 -1.00000000e+00  0.00000000e+00
   0.00000000e+00  0.00000000e+00  0.00000000e+00  0.00000000e+00
   0.00000000e+00  0.00000000e+00  0.00000000e+00  0.00000000e+00
  -1.00000000e+00]
 [-1.00000000e+00 -1.00000000e+00 -1.00000000e+00 -1.00000000e+00
  -1.00000000e+00 -1.00000000e+00 -1.00000000e+00 -1.00000000e+00
  -1.00000000e+00 -1.00000000e+00 -1.00000000e+00 -1.00000000e+00
  -1.00000000e+00]]

[[-1.         -1.         -1.         -1.         -1.         -1.
  -1.         -1.         -1.         -1.         -1.         -1.
  -1.        ]
 [-1.          0.          0.          0.          0.02071971  0.00650576
   0.02109895 -1.         -1.         -1.          0.          0.
  -1.        ]
 [-1.         -1.         -1.         -1.         -1.          0.37484875
   0.02860815 -1.         -1.         -1.          0.          0.
  -1.        ]
 [-1.         -1.         -1.         -1.         -1.          0.40323925
   0.02681364 -1.         -1.         -1.          0.          0.
  -1.        ]
 [-1.         -1.         -1.         -1.         -1.          0.08698879
   0.00430106 -1.         -1.         -1.          0.          0.
  -1.        ]
 [-1.         -1.         -1.         -1.         -1.          0.02425657
   0.00135919 -1.         -1.         -1.          0.          0.
  -1.        ]
 [-1.         -1.         -1.          0.          0.          0.00126017
   0.         -1.         -1.         -1.          0.          0.
  -1.        ]
 [-1.         -1.         -1.          0.          0.          0.
   0.         -1.         -1.         -1.          0.          0.
  -1.        ]
 [-1.         -1.         -1.          0.          0.          0.
   0.         -1.         -1.         -1.          0.          0.
  -1.        ]
 [-1.         -1.         -1.          0.          0.          0.
   0.          0.          0.          0.          0.          0.
  -1.        ]
 [-1.         -1.         -1.          0.          0.          0.
   0.          0.          0.          0.          0.          0.
  -1.        ]
 [-1.         -1.         -1.         -1.         -1.         -1.
  -1.         -1.         -1.         -1.         -1.         -1.
  -1.        ]]

[[-1.         -1.         -1.         -1.         -1.         -1.
  -1.         -1.         -1.         -1.         -1.         -1.
  -1.        ]
 [-1.          0.          0.          0.          0.          0.
   0.         -1.         -1.         -1.          0.          0.
  -1.        ]
 [-1.         -1.         -1.         -1.         -1.          0.44593179
   0.03697221 -1.         -1.         -1.          0.          0.
  -1.        ]
 [-1.         -1.         -1.         -1.         -1.          0.48790935
   0.02918665 -1.         -1.         -1.          0.          0.
  -1.        ]
 [-1.         -1.         -1.         -1.         -1.          0.
   0.         -1.         -1.         -1.          0.          0.
  -1.        ]
 [-1.         -1.         -1.         -1.         -1.          0.
   0.         -1.         -1.         -1.          0.          0.
  -1.        ]
 [-1.         -1.         -1.          0.          0.          0.
   0.         -1.         -1.         -1.          0.          0.
  -1.        ]
 [-1.         -1.         -1.          0.          0.          0.
   0.         -1.         -1.         -1.          0.          0.
  -1.        ]
 [-1.         -1.         -1.          0.          0.          0.
   0.         -1.         -1.         -1.          0.          0.
  -1.        ]
 [-1.         -1.         -1.          0.          0.          0.
   0.          0.          0.          0.          0.          0.
  -1.        ]
 [-1.         -1.         -1.          0.          0.          0.
   0.          0.          0.          0.          0.          0.
  -1.        ]
 [-1.         -1.         -1.         -1.         -1.         -1.
  -1.         -1.         -1.         -1.         -1.         -1.
  -1.        ]]

[[-1.         -1.         -1.         -1.         -1.         -1.
  -1.         -1.         -1.         -1.         -1.         -1.
  -1.        ]
 [-1.          0.          0.          0.          0.          0.
   0.         -1.         -1.         -1.          0.          0.
  -1.        ]
 [-1.         -1.         -1.         -1.         -1.          0.
   0.         -1.         -1.         -1.          0.          0.
  -1.        ]
 [-1.         -1.         -1.         -1.         -1.          0.93957384
   0.06042616 -1.         -1.         -1.          0.          0.
  -1.        ]
 [-1.         -1.         -1.         -1.         -1.          0.
   0.         -1.         -1.         -1.          0.          0.
  -1.        ]
 [-1.         -1.         -1.         -1.         -1.          0.
   0.         -1.         -1.         -1.          0.          0.
  -1.        ]
 [-1.         -1.         -1.          0.          0.          0.
   0.         -1.         -1.         -1.          0.          0.
  -1.        ]
 [-1.         -1.         -1.          0.          0.          0.
   0.         -1.         -1.         -1.          0.          0.
  -1.        ]
 [-1.         -1.         -1.          0.          0.          0.
   0.         -1.         -1.         -1.          0.          0.
  -1.        ]
 [-1.         -1.         -1.          0.          0.          0.
   0.          0.          0.          0.          0.          0.
  -1.        ]
 [-1.         -1.         -1.          0.          0.          0.
   0.          0.          0.          0.          0.          0.
  -1.        ]
 [-1.         -1.         -1.         -1.         -1.         -1.
  -1.         -1.         -1.         -1.         -1.         -1.
  -1.        ]]

[[-1.         -1.         -1.         -1.         -1.         -1.
  -1.         -1.         -1.         -1.         -1.         -1.
  -1.        ]
 [-1.          0.          0.          0.          0.          0.
   0.         -1.         -1.         -1.          0.          0.
  -1.        ]
 [-1.         -1.         -1.         -1.         -1.          0.
   0.         -1.         -1.         -1.          0.          0.
  -1.        ]
 [-1.         -1.         -1.         -1.         -1.          0.
   0.         -1.         -1.         -1.          0.          0.
  -1.        ]
 [-1.         -1.         -1.         -1.         -1.          0.20471992
   0.21851659 -1.         -1.         -1.          0.00116109  0.
  -1.        ]
 [-1.         -1.         -1.         -1.         -1.          0.09074714
   0.07128294 -1.         -1.         -1.          0.16306984  0.01793556
  -1.        ]
 [-1.         -1.         -1.          0.04321018  0.          0.
   0.         -1.         -1.         -1.          0.16238851  0.02696821
  -1.        ]
 [-1.         -1.         -1.          0.          0.          0.
   0.         -1.         -1.         -1.          0.          0.
  -1.        ]
 [-1.         -1.         -1.          0.          0.          0.
   0.         -1.         -1.         -1.          0.          0.
  -1.        ]
 [-1.         -1.         -1.          0.          0.          0.
   0.          0.          0.          0.          0.          0.
  -1.        ]
 [-1.         -1.         -1.          0.          0.          0.
   0.          0.          0.          0.          0.          0.
  -1.        ]
 [-1.         -1.         -1.         -1.         -1.         -1.
  -1.         -1.         -1.         -1.         -1.         -1.
  -1.        ]]

[[-1.         -1.         -1.         -1.         -1.         -1.
  -1.         -1.         -1.         -1.         -1.         -1.
  -1.        ]
 [-1.          0.          0.          0.          0.          0.
   0.         -1.         -1.         -1.          0.          0.
  -1.        ]
 [-1.         -1.         -1.         -1.         -1.          0.
   0.         -1.         -1.         -1.          0.          0.
  -1.        ]
 [-1.         -1.         -1.         -1.         -1.          0.
   0.         -1.         -1.         -1.          0.          0.
  -1.        ]
 [-1.         -1.         -1.         -1.         -1.          0.
   0.         -1.         -1.         -1.          0.          0.
  -1.        ]
 [-1.         -1.         -1.         -1.         -1.          0.31544005
   0.25509824 -1.         -1.         -1.          0.          0.
  -1.        ]
 [-1.         -1.         -1.          0.15439851  0.          0.
   0.         -1.         -1.         -1.          0.2750632   0.
  -1.        ]
 [-1.         -1.         -1.          0.          0.          0.
   0.         -1.         -1.         -1.          0.          0.
  -1.        ]
 [-1.         -1.         -1.          0.          0.          0.
   0.         -1.         -1.         -1.          0.          0.
  -1.        ]
 [-1.         -1.         -1.          0.          0.          0.
   0.          0.          0.          0.          0.          0.
  -1.        ]
 [-1.         -1.         -1.          0.          0.          0.
   0.          0.          0.          0.          0.          0.
  -1.        ]
 [-1.         -1.         -1.         -1.         -1.         -1.
  -1.         -1.         -1.         -1.         -1.         -1.
  -1.        ]]

[[-1. -1. -1. -1. -1. -1. -1. -1. -1. -1. -1. -1. -1.]
 [-1.  0.  0.  0.  0.  0.  0. -1. -1. -1.  0.  0. -1.]
 [-1. -1. -1. -1. -1.  0.  0. -1. -1. -1.  0.  0. -1.]
 [-1. -1. -1. -1. -1.  0.  0. -1. -1. -1.  0.  0. -1.]
 [-1. -1. -1. -1. -1.  0.  0. -1. -1. -1.  0.  0. -1.]
 [-1. -1. -1. -1. -1.  0.  0. -1. -1. -1.  0.  0. -1.]
 [-1. -1. -1.  1.  0.  0.  0. -1. -1. -1.  0.  0. -1.]
 [-1. -1. -1.  0.  0.  0.  0. -1. -1. -1.  0.  0. -1.]
 [-1. -1. -1.  0.  0.  0.  0. -1. -1. -1.  0.  0. -1.]
 [-1. -1. -1.  0.  0.  0.  0.  0.  0.  0.  0.  0. -1.]
 [-1. -1. -1.  0.  0.  0.  0.  0.  0.  0.  0.  0. -1.]
 [-1. -1. -1. -1. -1. -1. -1. -1. -1. -1. -1. -1. -1.]]

[[-1.         -1.         -1.         -1.         -1.         -1.
  -1.         -1.         -1.         -1.         -1.         -1.
  -1.        ]
 [-1.          0.          0.          0.          0.          0.
   0.         -1.         -1.         -1.          0.          0.
  -1.        ]
 [-1.         -1.         -1.         -1.         -1.          0.
   0.         -1.         -1.         -1.          0.          0.
  -1.        ]
 [-1.         -1.         -1.         -1.         -1.          0.
   0.         -1.         -1.         -1.          0.          0.
  -1.        ]
 [-1.         -1.         -1.         -1.         -1.          0.
   0.         -1.         -1.         -1.          0.          0.
  -1.        ]
 [-1.         -1.         -1.         -1.         -1.          0.
   0.         -1.         -1.         -1.          0.          0.
  -1.        ]
 [-1.         -1.         -1.          0.          0.          0.
   0.         -1.         -1.         -1.          0.          0.
  -1.        ]
 [-1.         -1.         -1.          0.03351115  0.18971406  0.24782111
   0.24782111 -1.         -1.         -1.          0.          0.
  -1.        ]
 [-1.         -1.         -1.          0.03097764  0.1707194   0.06177949
   0.01765604 -1.         -1.         -1.          0.          0.
  -1.        ]
 [-1.         -1.         -1.          0.          0.          0.
   0.          0.          0.          0.          0.          0.
  -1.        ]
 [-1.         -1.         -1.          0.          0.          0.
   0.          0.          0.          0.          0.          0.
  -1.        ]
 [-1.         -1.         -1.         -1.         -1.         -1.
  -1.         -1.         -1.         -1.         -1.         -1.
  -1.        ]]

[[-1.00000000e+00 -1.00000000e+00 -1.00000000e+00 -1.00000000e+00
  -1.00000000e+00 -1.00000000e+00 -1.00000000e+00 -1.00000000e+00
  -1.00000000e+00 -1.00000000e+00 -1.00000000e+00 -1.00000000e+00
  -1.00000000e+00]
 [-1.00000000e+00  0.00000000e+00  0.00000000e+00  0.00000000e+00
   0.00000000e+00  0.00000000e+00  0.00000000e+00 -1.00000000e+00
  -1.00000000e+00 -1.00000000e+00  0.00000000e+00  0.00000000e+00
  -1.00000000e+00]
 [-1.00000000e+00 -1.00000000e+00 -1.00000000e+00 -1.00000000e+00
  -1.00000000e+00  0.00000000e+00  0.00000000e+00 -1.00000000e+00
  -1.00000000e+00 -1.00000000e+00  0.00000000e+00  0.00000000e+00
  -1.00000000e+00]
 [-1.00000000e+00 -1.00000000e+00 -1.00000000e+00 -1.00000000e+00
  -1.00000000e+00  0.00000000e+00  0.00000000e+00 -1.00000000e+00
  -1.00000000e+00 -1.00000000e+00  0.00000000e+00  0.00000000e+00
  -1.00000000e+00]
 [-1.00000000e+00 -1.00000000e+00 -1.00000000e+00 -1.00000000e+00
  -1.00000000e+00  0.00000000e+00  0.00000000e+00 -1.00000000e+00
  -1.00000000e+00 -1.00000000e+00  0.00000000e+00  0.00000000e+00
  -1.00000000e+00]
 [-1.00000000e+00 -1.00000000e+00 -1.00000000e+00 -1.00000000e+00
  -1.00000000e+00  0.00000000e+00  0.00000000e+00 -1.00000000e+00
  -1.00000000e+00 -1.00000000e+00  0.00000000e+00  0.00000000e+00
  -1.00000000e+00]
 [-1.00000000e+00 -1.00000000e+00 -1.00000000e+00  4.74741242e-04
   0.00000000e+00  0.00000000e+00  3.51079906e-03 -1.00000000e+00
  -1.00000000e+00 -1.00000000e+00  0.00000000e+00  0.00000000e+00
  -1.00000000e+00]
 [-1.00000000e+00 -1.00000000e+00 -1.00000000e+00  8.50169762e-03
   1.24313621e-02  2.21060440e-02  1.07825244e-02 -1.00000000e+00
  -1.00000000e+00 -1.00000000e+00  0.00000000e+00  0.00000000e+00
  -1.00000000e+00]
 [-1.00000000e+00 -1.00000000e+00 -1.00000000e+00  3.44646171e-02
   1.51118207e-01  2.00694956e-01  1.97112495e-01 -1.00000000e+00
  -1.00000000e+00 -1.00000000e+00  0.00000000e+00  0.00000000e+00
  -1.00000000e+00]
 [-1.00000000e+00 -1.00000000e+00 -1.00000000e+00  2.89962431e-02
   1.50717738e-01  7.42466268e-02  3.97370888e-02  0.00000000e+00
   0.00000000e+00  0.00000000e+00  0.00000000e+00  0.00000000e+00
  -1.00000000e+00]
 [-1.00000000e+00 -1.00000000e+00 -1.00000000e+00  5.27323680e-03
   2.65285552e-02  1.88840825e-02  1.44189852e-02  0.00000000e+00
   0.00000000e+00  0.00000000e+00  0.00000000e+00  0.00000000e+00
  -1.00000000e+00]
 [-1.00000000e+00 -1.00000000e+00 -1.00000000e+00 -1.00000000e+00
  -1.00000000e+00 -1.00000000e+00 -1.00000000e+00 -1.00000000e+00
  -1.00000000e+00 -1.00000000e+00 -1.00000000e+00 -1.00000000e+00
  -1.00000000e+00]]

[[-1.00000000e+00 -1.00000000e+00 -1.00000000e+00 -1.00000000e+00
  -1.00000000e+00 -1.00000000e+00 -1.00000000e+00 -1.00000000e+00
  -1.00000000e+00 -1.00000000e+00 -1.00000000e+00 -1.00000000e+00
  -1.00000000e+00]
 [-1.00000000e+00  0.00000000e+00  0.00000000e+00  0.00000000e+00
   0.00000000e+00  0.00000000e+00  0.00000000e+00 -1.00000000e+00
  -1.00000000e+00 -1.00000000e+00  0.00000000e+00  0.00000000e+00
  -1.00000000e+00]
 [-1.00000000e+00 -1.00000000e+00 -1.00000000e+00 -1.00000000e+00
  -1.00000000e+00  0.00000000e+00  0.00000000e+00 -1.00000000e+00
  -1.00000000e+00 -1.00000000e+00  0.00000000e+00  0.00000000e+00
  -1.00000000e+00]
 [-1.00000000e+00 -1.00000000e+00 -1.00000000e+00 -1.00000000e+00
  -1.00000000e+00  0.00000000e+00  0.00000000e+00 -1.00000000e+00
  -1.00000000e+00 -1.00000000e+00  0.00000000e+00  0.00000000e+00
  -1.00000000e+00]
 [-1.00000000e+00 -1.00000000e+00 -1.00000000e+00 -1.00000000e+00
  -1.00000000e+00  0.00000000e+00  0.00000000e+00 -1.00000000e+00
  -1.00000000e+00 -1.00000000e+00  0.00000000e+00  0.00000000e+00
  -1.00000000e+00]
 [-1.00000000e+00 -1.00000000e+00 -1.00000000e+00 -1.00000000e+00
  -1.00000000e+00  0.00000000e+00  4.97363200e-05 -1.00000000e+00
  -1.00000000e+00 -1.00000000e+00  0.00000000e+00  0.00000000e+00
  -1.00000000e+00]
 [-1.00000000e+00 -1.00000000e+00 -1.00000000e+00  1.20440716e-04
   3.02647542e-05  1.98945280e-04  1.52752429e-04 -1.00000000e+00
  -1.00000000e+00 -1.00000000e+00  0.00000000e+00  0.00000000e+00
  -1.00000000e+00]
 [-1.00000000e+00 -1.00000000e+00 -1.00000000e+00  1.38984693e-03
   1.42126973e-03  1.13934261e-03  6.46743148e-03 -1.00000000e+00
  -1.00000000e+00 -1.00000000e+00  0.00000000e+00  0.00000000e+00
  -1.00000000e+00]
 [-1.00000000e+00 -1.00000000e+00 -1.00000000e+00  1.34575433e-02
   1.99925227e-02  3.45033555e-02  1.69309193e-02 -1.00000000e+00
  -1.00000000e+00 -1.00000000e+00  0.00000000e+00  0.00000000e+00
  -1.00000000e+00]
 [-1.00000000e+00 -1.00000000e+00 -1.00000000e+00  3.86613170e-02
   1.32031274e-01  1.74833112e-01  1.64533645e-01  1.68882628e-03
   0.00000000e+00  0.00000000e+00  0.00000000e+00  0.00000000e+00
  -1.00000000e+00]
 [-1.00000000e+00 -1.00000000e+00 -1.00000000e+00  4.07286018e-02
   1.56630733e-01  1.13657295e-01  7.70911772e-02  4.28964809e-03
   0.00000000e+00  0.00000000e+00  0.00000000e+00  0.00000000e+00
  -1.00000000e+00]
 [-1.00000000e+00 -1.00000000e+00 -1.00000000e+00 -1.00000000e+00
  -1.00000000e+00 -1.00000000e+00 -1.00000000e+00 -1.00000000e+00
  -1.00000000e+00 -1.00000000e+00 -1.00000000e+00 -1.00000000e+00
  -1.00000000e+00]]

[[-1.00000000e+00 -1.00000000e+00 -1.00000000e+00 -1.00000000e+00
  -1.00000000e+00 -1.00000000e+00 -1.00000000e+00 -1.00000000e+00
  -1.00000000e+00 -1.00000000e+00 -1.00000000e+00 -1.00000000e+00
  -1.00000000e+00]
 [-1.00000000e+00  0.00000000e+00  0.00000000e+00  0.00000000e+00
   0.00000000e+00  0.00000000e+00  0.00000000e+00 -1.00000000e+00
  -1.00000000e+00 -1.00000000e+00  0.00000000e+00  0.00000000e+00
  -1.00000000e+00]
 [-1.00000000e+00 -1.00000000e+00 -1.00000000e+00 -1.00000000e+00
  -1.00000000e+00  0.00000000e+00  0.00000000e+00 -1.00000000e+00
  -1.00000000e+00 -1.00000000e+00  0.00000000e+00  0.00000000e+00
  -1.00000000e+00]
 [-1.00000000e+00 -1.00000000e+00 -1.00000000e+00 -1.00000000e+00
  -1.00000000e+00  0.00000000e+00  0.00000000e+00 -1.00000000e+00
  -1.00000000e+00 -1.00000000e+00  0.00000000e+00  0.00000000e+00
  -1.00000000e+00]
 [-1.00000000e+00 -1.00000000e+00 -1.00000000e+00 -1.00000000e+00
  -1.00000000e+00  0.00000000e+00  1.47965552e-05 -1.00000000e+00
  -1.00000000e+00 -1.00000000e+00  0.00000000e+00  0.00000000e+00
  -1.00000000e+00]
 [-1.00000000e+00 -1.00000000e+00 -1.00000000e+00 -1.00000000e+00
  -1.00000000e+00  2.11379360e-05  4.54438477e-05 -1.00000000e+00
  -1.00000000e+00 -1.00000000e+00  0.00000000e+00  0.00000000e+00
  -1.00000000e+00]
 [-1.00000000e+00 -1.00000000e+00 -1.00000000e+00  5.94972454e-05
   1.55100477e-04  1.10955218e-04  2.09105056e-03 -1.00000000e+00
  -1.00000000e+00 -1.00000000e+00  0.00000000e+00  0.00000000e+00
  -1.00000000e+00]
 [-1.00000000e+00 -1.00000000e+00 -1.00000000e+00  5.79623686e-04
   1.91463012e-03  4.21131416e-03  5.95398942e-03 -1.00000000e+00
  -1.00000000e+00 -1.00000000e+00  0.00000000e+00  0.00000000e+00
  -1.00000000e+00]
 [-1.00000000e+00 -1.00000000e+00 -1.00000000e+00  1.70217447e-03
   1.59667537e-02  2.91451269e-02  3.98251824e-02 -1.00000000e+00
  -1.00000000e+00 -1.00000000e+00  0.00000000e+00  0.00000000e+00
  -1.00000000e+00]
 [-1.00000000e+00 -1.00000000e+00 -1.00000000e+00  3.16839395e-03
   3.93013313e-02  1.13968270e-01  1.59720259e-01  1.51543013e-01
   2.67562600e-02  8.11412639e-03  0.00000000e+00  0.00000000e+00
  -1.00000000e+00]
 [-1.00000000e+00 -1.00000000e+00 -1.00000000e+00  3.86204135e-03
   3.92443373e-02  1.35614017e-01  1.14937675e-01  8.08666571e-02
   1.72359228e-02  3.87091935e-03  0.00000000e+00  0.00000000e+00
  -1.00000000e+00]
 [-1.00000000e+00 -1.00000000e+00 -1.00000000e+00 -1.00000000e+00
  -1.00000000e+00 -1.00000000e+00 -1.00000000e+00 -1.00000000e+00
  -1.00000000e+00 -1.00000000e+00 -1.00000000e+00 -1.00000000e+00
  -1.00000000e+00]]

[[-1.         -1.         -1.         -1.         -1.         -1.
  -1.         -1.         -1.         -1.         -1.         -1.
  -1.        ]
 [-1.          0.          0.          0.          0.          0.
   0.         -1.         -1.         -1.          0.          0.
  -1.        ]
 [-1.         -1.         -1.         -1.         -1.          0.
   0.         -1.         -1.         -1.          0.          0.
  -1.        ]
 [-1.         -1.         -1.         -1.         -1.          0.
   0.         -1.         -1.         -1.          0.          0.
  -1.        ]
 [-1.         -1.         -1.         -1.         -1.          0.
   0.         -1.         -1.         -1.          0.          0.
  -1.        ]
 [-1.         -1.         -1.         -1.         -1.          0.
   0.         -1.         -1.         -1.          0.          0.
  -1.        ]
 [-1.         -1.         -1.          0.          0.          0.
   0.         -1.         -1.         -1.          0.          0.
  -1.        ]
 [-1.         -1.         -1.          0.          0.          0.
   0.         -1.         -1.         -1.          0.          0.
  -1.        ]
 [-1.         -1.         -1.          0.          0.          0.
   0.         -1.         -1.         -1.          0.          0.
  -1.        ]
 [-1.         -1.         -1.          0.          0.          0.
   0.          0.58751416  0.07892994  0.          0.          0.
  -1.        ]
 [-1.         -1.         -1.          0.          0.          0.
   0.          0.2694575   0.0640984   0.          0.          0.
  -1.        ]
 [-1.         -1.         -1.         -1.         -1.         -1.
  -1.         -1.         -1.         -1.         -1.         -1.
  -1.        ]]

[[-1.         -1.         -1.         -1.         -1.         -1.
  -1.         -1.         -1.         -1.         -1.         -1.
  -1.        ]
 [-1.          0.          0.          0.          0.          0.
   0.         -1.         -1.         -1.          0.          0.
  -1.        ]
 [-1.         -1.         -1.         -1.         -1.          0.
   0.         -1.         -1.         -1.          0.          0.
  -1.        ]
 [-1.         -1.         -1.         -1.         -1.          0.
   0.         -1.         -1.         -1.          0.          0.
  -1.        ]
 [-1.         -1.         -1.         -1.         -1.          0.
   0.         -1.         -1.         -1.          0.          0.
  -1.        ]
 [-1.         -1.         -1.         -1.         -1.          0.
   0.         -1.         -1.         -1.          0.          0.
  -1.        ]
 [-1.         -1.         -1.          0.          0.          0.
   0.         -1.         -1.         -1.          0.          0.
  -1.        ]
 [-1.         -1.         -1.          0.          0.          0.
   0.         -1.         -1.         -1.          0.          0.
  -1.        ]
 [-1.         -1.         -1.          0.          0.          0.
   0.         -1.         -1.         -1.          0.          0.
  -1.        ]
 [-1.         -1.         -1.          0.          0.          0.
   0.          0.          0.58977671  0.          0.          0.
  -1.        ]
 [-1.         -1.         -1.          0.          0.          0.
   0.          0.          0.41022329  0.          0.          0.
  -1.        ]
 [-1.         -1.         -1.         -1.         -1.         -1.
  -1.         -1.         -1.         -1.         -1.         -1.
  -1.        ]]

[[-1.         -1.         -1.         -1.         -1.         -1.
  -1.         -1.         -1.         -1.         -1.         -1.
  -1.        ]
 [-1.          0.          0.          0.          0.          0.
   0.         -1.         -1.         -1.          0.          0.
  -1.        ]
 [-1.         -1.         -1.         -1.         -1.          0.
   0.         -1.         -1.         -1.          0.          0.
  -1.        ]
 [-1.         -1.         -1.         -1.         -1.          0.
   0.         -1.         -1.         -1.          0.          0.
  -1.        ]
 [-1.         -1.         -1.         -1.         -1.          0.
   0.         -1.         -1.         -1.          0.          0.
  -1.        ]
 [-1.         -1.         -1.         -1.         -1.          0.
   0.         -1.         -1.         -1.          0.          0.
  -1.        ]
 [-1.         -1.         -1.          0.          0.          0.
   0.         -1.         -1.         -1.          0.          0.
  -1.        ]
 [-1.         -1.         -1.          0.          0.          0.
   0.         -1.         -1.         -1.          0.03685032  0.
  -1.        ]
 [-1.         -1.         -1.          0.          0.          0.
   0.         -1.         -1.         -1.          0.16144891  0.
  -1.        ]
 [-1.         -1.         -1.          0.          0.          0.
   0.          0.          0.          0.29480258  0.08509267  0.
  -1.        ]
 [-1.         -1.         -1.          0.          0.          0.
   0.          0.          0.          0.26035661  0.16144891  0.
  -1.        ]
 [-1.         -1.         -1.         -1.         -1.         -1.
  -1.         -1.         -1.         -1.         -1.         -1.
  -1.        ]]

[[-1.00000000e+00 -1.00000000e+00 -1.00000000e+00 -1.00000000e+00
  -1.00000000e+00 -1.00000000e+00 -1.00000000e+00 -1.00000000e+00
  -1.00000000e+00 -1.00000000e+00 -1.00000000e+00 -1.00000000e+00
  -1.00000000e+00]
 [-1.00000000e+00  0.00000000e+00  0.00000000e+00  0.00000000e+00
   0.00000000e+00  0.00000000e+00  0.00000000e+00 -1.00000000e+00
  -1.00000000e+00 -1.00000000e+00  0.00000000e+00  0.00000000e+00
  -1.00000000e+00]
 [-1.00000000e+00 -1.00000000e+00 -1.00000000e+00 -1.00000000e+00
  -1.00000000e+00  0.00000000e+00  0.00000000e+00 -1.00000000e+00
  -1.00000000e+00 -1.00000000e+00  0.00000000e+00  0.00000000e+00
  -1.00000000e+00]
 [-1.00000000e+00 -1.00000000e+00 -1.00000000e+00 -1.00000000e+00
  -1.00000000e+00  0.00000000e+00  0.00000000e+00 -1.00000000e+00
  -1.00000000e+00 -1.00000000e+00  0.00000000e+00  0.00000000e+00
  -1.00000000e+00]
 [-1.00000000e+00 -1.00000000e+00 -1.00000000e+00 -1.00000000e+00
  -1.00000000e+00  0.00000000e+00  0.00000000e+00 -1.00000000e+00
  -1.00000000e+00 -1.00000000e+00  0.00000000e+00  0.00000000e+00
  -1.00000000e+00]
 [-1.00000000e+00 -1.00000000e+00 -1.00000000e+00 -1.00000000e+00
  -1.00000000e+00  0.00000000e+00  0.00000000e+00 -1.00000000e+00
  -1.00000000e+00 -1.00000000e+00  0.00000000e+00  0.00000000e+00
  -1.00000000e+00]
 [-1.00000000e+00 -1.00000000e+00 -1.00000000e+00  0.00000000e+00
   0.00000000e+00  0.00000000e+00  0.00000000e+00 -1.00000000e+00
  -1.00000000e+00 -1.00000000e+00  0.00000000e+00  0.00000000e+00
  -1.00000000e+00]
 [-1.00000000e+00 -1.00000000e+00 -1.00000000e+00  0.00000000e+00
   0.00000000e+00  0.00000000e+00  0.00000000e+00 -1.00000000e+00
  -1.00000000e+00 -1.00000000e+00  5.58959302e-04  0.00000000e+00
  -1.00000000e+00]
 [-1.00000000e+00 -1.00000000e+00 -1.00000000e+00  0.00000000e+00
   0.00000000e+00  0.00000000e+00  0.00000000e+00 -1.00000000e+00
  -1.00000000e+00 -1.00000000e+00  3.74743863e-01  0.00000000e+00
  -1.00000000e+00]
 [-1.00000000e+00 -1.00000000e+00 -1.00000000e+00  0.00000000e+00
   0.00000000e+00  0.00000000e+00  0.00000000e+00  0.00000000e+00
   0.00000000e+00  0.00000000e+00  2.49953315e-01  0.00000000e+00
  -1.00000000e+00]
 [-1.00000000e+00 -1.00000000e+00 -1.00000000e+00  0.00000000e+00
   0.00000000e+00  0.00000000e+00  0.00000000e+00  0.00000000e+00
   0.00000000e+00  0.00000000e+00  3.74743863e-01  0.00000000e+00
  -1.00000000e+00]
 [-1.00000000e+00 -1.00000000e+00 -1.00000000e+00 -1.00000000e+00
  -1.00000000e+00 -1.00000000e+00 -1.00000000e+00 -1.00000000e+00
  -1.00000000e+00 -1.00000000e+00 -1.00000000e+00 -1.00000000e+00
  -1.00000000e+00]]

[[-1.00000000e+00 -1.00000000e+00 -1.00000000e+00 -1.00000000e+00
  -1.00000000e+00 -1.00000000e+00 -1.00000000e+00 -1.00000000e+00
  -1.00000000e+00 -1.00000000e+00 -1.00000000e+00 -1.00000000e+00
  -1.00000000e+00]
 [-1.00000000e+00  0.00000000e+00  0.00000000e+00  0.00000000e+00
   0.00000000e+00  0.00000000e+00  0.00000000e+00 -1.00000000e+00
  -1.00000000e+00 -1.00000000e+00  0.00000000e+00  0.00000000e+00
  -1.00000000e+00]
 [-1.00000000e+00 -1.00000000e+00 -1.00000000e+00 -1.00000000e+00
  -1.00000000e+00  0.00000000e+00  0.00000000e+00 -1.00000000e+00
  -1.00000000e+00 -1.00000000e+00  0.00000000e+00  0.00000000e+00
  -1.00000000e+00]
 [-1.00000000e+00 -1.00000000e+00 -1.00000000e+00 -1.00000000e+00
  -1.00000000e+00  0.00000000e+00  0.00000000e+00 -1.00000000e+00
  -1.00000000e+00 -1.00000000e+00  0.00000000e+00  0.00000000e+00
  -1.00000000e+00]
 [-1.00000000e+00 -1.00000000e+00 -1.00000000e+00 -1.00000000e+00
  -1.00000000e+00  0.00000000e+00  0.00000000e+00 -1.00000000e+00
  -1.00000000e+00 -1.00000000e+00  0.00000000e+00  0.00000000e+00
  -1.00000000e+00]
 [-1.00000000e+00 -1.00000000e+00 -1.00000000e+00 -1.00000000e+00
  -1.00000000e+00  0.00000000e+00  0.00000000e+00 -1.00000000e+00
  -1.00000000e+00 -1.00000000e+00  0.00000000e+00  0.00000000e+00
  -1.00000000e+00]
 [-1.00000000e+00 -1.00000000e+00 -1.00000000e+00  0.00000000e+00
   0.00000000e+00  0.00000000e+00  0.00000000e+00 -1.00000000e+00
  -1.00000000e+00 -1.00000000e+00  7.91859011e-06  0.00000000e+00
  -1.00000000e+00]
 [-1.00000000e+00 -1.00000000e+00 -1.00000000e+00  0.00000000e+00
   0.00000000e+00  0.00000000e+00  0.00000000e+00 -1.00000000e+00
  -1.00000000e+00 -1.00000000e+00  5.30887139e-03  3.16743604e-05
  -1.00000000e+00]
 [-1.00000000e+00 -1.00000000e+00 -1.00000000e+00  0.00000000e+00
   0.00000000e+00  0.00000000e+00  0.00000000e+00 -1.00000000e+00
  -1.00000000e+00 -1.00000000e+00  4.35522456e-04  2.12354856e-02
  -1.00000000e+00]
 [-1.00000000e+00 -1.00000000e+00 -1.00000000e+00  0.00000000e+00
   0.00000000e+00  0.00000000e+00  0.00000000e+00  0.00000000e+00
   0.00000000e+00  1.06230159e-02  3.87547612e-01  1.78517585e-02
  -1.00000000e+00]
 [-1.00000000e+00 -1.00000000e+00 -1.00000000e+00  0.00000000e+00
   0.00000000e+00  0.00000000e+00  0.00000000e+00  0.00000000e+00
   0.00000000e+00  1.15102466e-01  3.23138839e-01  1.18716837e-01
  -1.00000000e+00]
 [-1.00000000e+00 -1.00000000e+00 -1.00000000e+00 -1.00000000e+00
  -1.00000000e+00 -1.00000000e+00 -1.00000000e+00 -1.00000000e+00
  -1.00000000e+00 -1.00000000e+00 -1.00000000e+00 -1.00000000e+00
  -1.00000000e+00]]

