[[-1. -1. -1. -1. -1. -1. -1. -1. -1. -1. -1. -1. -1.]
 [-1.  1.  0.  0.  0.  0.  0. -1. -1. -1.  0.  0. -1.]
 [-1. -1. -1. -1. -1.  0.  0. -1. -1. -1.  0.  0. -1.]
 [-1. -1. -1. -1. -1.  0.  0. -1. -1. -1.  0.  0. -1.]
 [-1. -1. -1. -1. -1.  0.  0. -1. -1. -1.  0.  0. -1.]
 [-1. -1. -1. -1. -1.  0.  0. -1. -1. -1.  0.  0. -1.]
 [-1. -1. -1.  0.  0.  0.  0. -1. -1. -1.  0.  0. -1.]
 [-1. -1. -1.  0.  0.  0.  0. -1. -1. -1.  0.  0. -1.]
 [-1. -1. -1.  0.  0.  0.  0. -1. -1. -1.  0.  0. -1.]
 [-1. -1. -1.  0.  0.  0.  0.  0.  0.  0.  0.  0. -1.]
 [-1. -1. -1.  0.  0.  0.  0.  0.  0.  0.  0.  0. -1.]
 [-1. -1. -1. -1. -1. -1. -1. -1. -1. -1. -1. -1. -1.]]

[[-1.   -1.   -1.   -1.   -1.   -1.   -1.   -1.   -1.   -1.   -1.   -1.
  -1.  ]
 [-1.    0.    0.85  0.1   0.05  0.    0.   -1.   -1.   -1.    0.    0.
  -1.  ]
 [-1.   -1.   -1.   -1.   -1.    0.    0.   -1.   -1.   -1.    0.    0.
  -1.  ]
 [-1.   -1.   -1.   -1.   -1.    0.    0.   -1.   -1.   -1.    0.    0.
  -1.  ]
 [-1.   -1.   -1.   -1.   -1.    0.    0.   -1.   -1.   -1.    0.    0.
  -1.  ]
 [-1.   -1.   -1.   -1.   -1.    0.    0.   -1.   -1.   -1.    0.    0.
  -1.  ]
 [-1.   -1.   -1.    0.    0.    0.    0.   -1.   -1.   -1.    0.    0.
  -1.  ]
 [-1.   -1.   -1.    0.    0.    0.    0.   -1.   -1.   -1.    0.    0.
  -1.  ]
 [-1.   -1.   -1.    0.    0.    0.    0.   -1.   -1.   -1.    0.    0.
  -1.  ]
 [-1.   -1.   -1.    0.    0.    0.    0.    0.    0.    0.    0.    0.
  -1.  ]
 [-1.   -1.   -1.    0.    0.    0.    0.    0.    0.    0.    0.    0.
  -1.  ]
 [-1.   -1.   -1.   -1.   -1.   -1.   -1.   -1.   -1.   -1.   -1.   -1.
  -1.  ]]

[[-1.        -1.        -1.        -1.        -1.        -1.
  -1.        -1.        -1.        -1.        -1.        -1.
  -1.       ]
 [-1.         0.         0.9683496  0.0316504  0.         0.
   0.        -1.        -1.        -1.         0.         0.
  -1.       ]
 [-1.        -1.        -1.        -1.        -1.         0.
   0.        -1.        -1.        -1.         0.         0.
  -1.       ]
 [-1.        -1.        -1.        -1.        -1.         0.
   0.        -1.        -1.        -1.         0.         0.
  -1.       ]
 [-1.        -1.        -1.        -1.        -1.         0.
   0.        -1.        -1.        -1.         0.         0.
  -1.       ]
 [-1.        -1.        -1.        -1.        -1.         0.
   0.        -1.        -1.        -1.         0.         0.
  -1.       ]
 [-1.        -1.        -1.         0.         0.         0.
   0.        -1.        -1.        -1.         0.         0.
  -1.       ]
 [-1.        -1.        -1.         0.         0.         0.
   0.        -1.        -1.        -1.         0.         0.
  -1.       ]
 [-1.        -1.        -1.         0.         0.         0.
   0.        -1.        -1.        -1.         0.         0.
  -1.       ]
 [-1.        -1.        -1.         0.         0.         0.
   0.         0.         0.         0.         0.         0.
  -1.       ]
 [-1.        -1.        -1.         0.         0.         0.
   0.         0.         0.         0.         0.         0.
  -1.       ]
 [-1.        -1.        -1.        -1.        -1.        -1.
  -1.        -1.        -1.        -1.        -1.        -1.
  -1.       ]]

[[-1. -1. -1. -1. -1. -1. -1. -1. -1. -1. -1. -1. -1.]
 [-1.  0.  0.  1.  0.  0.  0. -1. -1. -1.  0.  0. -1.]
 [-1. -1. -1. -1. -1.  0.  0. -1. -1. -1.  0.  0. -1.]
 [-1. -1. -1. -1. -1.  0.  0. -1. -1. -1.  0.  0. -1.]
 [-1. -1. -1. -1. -1.  0.  0. -1. -1. -1.  0.  0. -1.]
 [-1. -1. -1. -1. -1.  0.  0. -1. -1. -1.  0.  0. -1.]
 [-1. -1. -1.  0.  0.  0.  0. -1. -1. -1.  0.  0. -1.]
 [-1. -1. -1.  0.  0.  0.  0. -1. -1. -1.  0.  0. -1.]
 [-1. -1. -1.  0.  0.  0.  0. -1. -1. -1.  0.  0. -1.]
 [-1. -1. -1.  0.  0.  0.  0.  0.  0.  0.  0.  0. -1.]
 [-1. -1. -1.  0.  0.  0.  0.  0.  0.  0.  0.  0. -1.]
 [-1. -1. -1. -1. -1. -1. -1. -1. -1. -1. -1. -1. -1.]]

[[-1.         -1.         -1.         -1.         -1.         -1.
  -1.         -1.         -1.         -1.         -1.         -1.
  -1.        ]
 [-1.          0.          0.          0.          0.66570173  0.034361
   0.         -1.         -1.         -1.          0.          0.
  -1.        ]
 [-1.         -1.         -1.         -1.         -1.          0.21672456
   0.         -1.         -1.         -1.          0.          0.
  -1.        ]
 [-1.         -1.         -1.         -1.         -1.          0.08321272
   0.         -1.         -1.         -1.          0.          0.
  -1.        ]
 [-1.         -1.         -1.         -1.         -1.          0.
   0.         -1.         -1.         -1.          0.          0.
  -1.        ]
 [-1.         -1.         -1.         -1.         -1.          0.
   0.         -1.         -1.         -1.          0.          0.
  -1.        ]
 [-1.         -1.         -1.          0.          0.          0.
   0.         -1.         -1.         -1.          0.          0.
  -1.        ]
 [-1.         -1.         -1.          0.          0.          0.
   0.         -1.         -1.         -1.          0.          0.
  -1.        ]
 [-1.         -1.         -1.          0.          0.          0.
   0.         -1.         -1.         -1.          0.          0.
  -1.        ]
 [-1.         -1.         -1.          0.          0.          0.
   0.          0.          0.          0.          0.          0.
  -1.        ]
 [-1.         -1.         -1.          0.          0.          0.
   0.          0.          0.          0.          0.          0.
  -1.        ]
 [-1.         -1.         -1.         -1.         -1.         -1.
  -1.         -1.         -1.         -1.         -1.         -1.
  -1.        ]]

[[-1.         -1.         -1.         -1.         -1.         -1.
  -1.         -1.         -1.         -1.         -1.         -1.
  -1.        ]
 [-1.          0.          0.          0.          0.          0.1512748
   0.         -1.         -1.         -1.          0.          0.
  -1.        ]
 [-1.         -1.         -1.         -1.         -1.          0.83661685
   0.         -1.         -1.         -1.          0.          0.
  -1.        ]
 [-1.         -1.         -1.         -1.         -1.          0.01210834
   0.         -1.         -1.         -1.          0.          0.
  -1.        ]
 [-1.         -1.         -1.         -1.         -1.          0.
   0.         -1.         -1.         -1.          0.          0.
  -1.        ]
 [-1.         -1.         -1.         -1.         -1.          0.
   0.         -1.         -1.         -1.          0.          0.
  -1.        ]
 [-1.         -1.         -1.          0.          0.          0.
   0.         -1.         -1.         -1.          0.          0.
  -1.        ]
 [-1.         -1.         -1.          0.          0.          0.
   0.         -1.         -1.         -1.          0.          0.
  -1.        ]
 [-1.         -1.         -1.          0.          0.          0.
   0.         -1.         -1.         -1.          0.          0.
  -1.        ]
 [-1.         -1.         -1.          0.          0.          0.
   0.          0.          0.          0.          0.          0.
  -1.        ]
 [-1.         -1.         -1.          0.          0.          0.
   0.          0.          0.          0.          0.          0.
  -1.        ]
 [-1.         -1.         -1.         -1.         -1.         -1.
  -1.         -1.         -1.         -1.         -1.         -1.
  -1.        ]]

[[-1.00000000e+00 -1.00000000e+00 -1.00000000e+00 -1.00000000e+00
  -1.00000000e+00 -1.00000000e+00 -1.00000000e+00 -1.00000000e+00
  -1.00000000e+00 -1.00000000e+00 -1.00000000e+00 -1.00000000e+00
  -1.00000000e+00]
 [-1.00000000e+00  0.00000000e+00  0.00000000e+00  0.00000000e+00
   6.42917920e-03  1.18520721e-02  6.42917920e-03 -1.00000000e+00
  -1.00000000e+00 -1.00000000e+00  0.00000000e+00  0.00000000e+00
  -1.00000000e+00]
 [-1.00000000e+00 -1.00000000e+00 -1.00000000e+00 -1.00000000e+00
  -1.00000000e+00  1.17313700e-01  4.74082883e-02 -1.00000000e+00
  -1.00000000e+00 -1.00000000e+00  0.00000000e+00  0.00000000e+00
  -1.00000000e+00]
 [-1.00000000e+00 -1.00000000e+00 -1.00000000e+00 -1.00000000e+00
  -1.00000000e+00  6.66428133e-01  6.35389919e-03 -1.00000000e+00
  -1.00000000e+00 -1.00000000e+00  0.00000000e+00  0.00000000e+00
  -1.00000000e+00]
 [-1.00000000e+00 -1.00000000e+00 -1.00000000e+00 -1.00000000e+00
  -1.00000000e+00  9.42939636e-02  2.83387988e-03 -1.00000000e+00
  -1.00000000e+00 -1.00000000e+00  0.00000000e+00  0.00000000e+00
  -1.00000000e+00]
 [-1.00000000e+00 -1.00000000e+00 -1.00000000e+00 -1.00000000e+00
  -1.00000000e+00  4.00937526e-02  0.00000000e+00 -1.00000000e+00
  -1.00000000e+00 -1.00000000e+00  0.00000000e+00  0.00000000e+00
  -1.00000000e+00]
 [-1.00000000e+00 -1.00000000e+00 -1.00000000e+00  0.00000000e+00
   0.00000000e+00  5.63952130e-04  0.00000000e+00 -1.00000000e+00
  -1.00000000e+00 -1.00000000e+00  0.00000000e+00  0.00000000e+00
  -1.00000000e+00]
 [-1.00000000e+00 -1.00000000e+00 -1.00000000e+00  0.00000000e+00
   0.00000000e+00  0.00000000e+00  0.00000000e+00 -1.00000000e+00
  -1.00000000e+00 -1.00000000e+00  0.00000000e+00  0.00000000e+00
  -1.00000000e+00]
 [-1.00000000e+00 -1.00000000e+00 -1.00000000e+00  0.00000000e+00
   0.00000000e+00  0.00000000e+00  0.00000000e+00 -1.00000000e+00
  -1.00000000e+00 -1.00000000e+00  0.00000000e+00  0.00000000e+00
  -1.00000000e+00]
 [-1.00000000e+00 -1.00000000e+00 -1.00000000e+00  0.00000000e+00
   0.00000000e+00  0.00000000e+00  0.00000000e+00  0.00000000e+00
   0.00000000e+00  0.00000000e+00  0.00000000e+00  0.00000000e+00
  -1.00000000e+00]
 [-1.00000000e+00 -1.00000000e+00 -1.00000000e+00  0.00000000e+00
   0.00000000e+00  0.00000000e+00  0.00000000e+00  0.00000000e+00
   0.00000000e+00  0.00000000e+00  0.00000000e+00  0.00000000e+00
  -1.00000000e+00]
 [-1.00000000e+00 -1.00000000e+00 -1.00000000e+00 -1.00000000e+00
  -1.00000000e+00 -1.00000000e+00 -1.00000000e+00 -1.00000000e+00
  -1.00000000e+00 -1.00000000e+00 -1.00000000e+00 -1.00000000e+00
  -1.00000000e+00]]

[[-1.         -1.         -1.         -1.         -1.         -1.
  -1.         -1.         -1.         -1.         -1.         -1.
  -1.        ]
 [-1.          0.          0.          0.          0.          0.
   0.         -1.         -1.         -1.          0.          0.
  -1.        ]
 [-1.         -1.         -1.         -1.         -1.          0.47820981
   0.19325201 -1.         -1.         -1.          0.          0.
  -1.        ]
 [-1.         -1.         -1.         -1.         -1.          0.32705908
   0.0014791  -1.         -1.         -1.          0.          0.
  -1.        ]
 [-1.         -1.         -1.         -1.         -1.          0.
   0.         -1.         -1.         -1.          0.          0.
  -1.        ]
 [-1.         -1.         -1.         -1.         -1.          0.
   0.         -1.         -1.         -1.          0.          0.
  -1.        ]
 [-1.         -1.         -1.          0.          0.          0.
   0.         -1.         -1.         -1.          0.          0.
  -1.        ]
 [-1.         -1.         -1.          0.          0.          0.
   0.         -1.         -1.         -1.          0.          0.
  -1.        ]
 [-1.         -1.         -1.          0.          0.          0.
   0.         -1.         -1.         -1.          0.          0.
  -1.        ]
 [-1.         -1.         -1.          0.          0.          0.
   0.          0.          0.          0.          0.          0.
  -1.        ]
 [-1.         -1.         -1.          0.          0.          0.
   0.          0.          0.          0.          0.          0.
  -1.        ]
 [-1.         -1.         -1.         -1.         -1.         -1.
  -1.         -1.         -1.         -1.         -1.         -1.
  -1.        ]]

[[-1.         -1.         -1.         -1.         -1.         -1.
  -1.         -1.         -1.         -1.         -1.         -1.
  -1.        ]
 [-1.          0.          0.          0.          0.          0.
   0.         -1.         -1.         -1.          0.          0.
  -1.        ]
 [-1.         -1.         -1.         -1.         -1.          0.
   0.         -1.         -1.         -1.          0.          0.
  -1.        ]
 [-1.         -1.         -1.         -1.         -1.          0.99518414
   0.00481586 -1.         -1.         -1.          0.          0.
  -1.        ]
 [-1.         -1.         -1.         -1.         -1.          0.
   0.         -1.         -1.         -1.          0.          0.
  -1.        ]
 [-1.         -1.         -1.         -1.         -1.          0.
   0.         -1.         -1.         -1.          0.          0.
  -1.        ]
 [-1.         -1.         -1.          0.          0.          0.
   0.         -1.         -1.         -1.          0.          0.
  -1.        ]
 [-1.         -1.         -1.          0.          0.          0.
   0.         -1.         -1.         -1.          0.          0.
  -1.        ]
 [-1.         -1.         -1.          0.          0.          0.
   0.         -1.         -1.         -1.          0.          0.
  -1.        ]
 [-1.         -1.         -1.          0.          0.          0.
   0.          0.          0.          0.          0.          0.
  -1.        ]
 [-1.         -1.         -1.          0.          0.          0.
   0.          0.          0.          0.          0.          0.
  -1.        ]
 [-1.         -1.         -1.         -1.         -1.         -1.
  -1.         -1.         -1.         -1.         -1.         -1.
  -1.        ]]

[[-1.         -1.         -1.         -1.         -1.         -1.
  -1.         -1.         -1.         -1.         -1.         -1.
  -1.        ]
 [-1.          0.          0.          0.          0.          0.
   0.         -1.         -1.         -1.          0.          0.
  -1.        ]
 [-1.         -1.         -1.         -1.         -1.          0.
   0.         -1.         -1.         -1.          0.          0.
  -1.        ]
 [-1.         -1.         -1.         -1.         -1.          0.
   0.         -1.         -1.         -1.          0.          0.
  -1.        ]
 [-1.         -1.         -1.         -1.         -1.          0.22351234
   0.22439691 -1.         -1.         -1.          0.00760944  0.
  -1.        ]
 [-1.         -1.         -1.         -1.         -1.          0.06919536
   0.04958256 -1.         -1.         -1.          0.18969916  0.0339016
  -1.        ]
 [-1.         -1.         -1.          0.02473297  0.          0.
   0.         -1.         -1.         -1.          0.14932004  0.02804961
  -1.        ]
 [-1.         -1.         -1.          0.          0.          0.
   0.         -1.         -1.         -1.          0.          0.
  -1.        ]
 [-1.         -1.         -1.          0.          0.          0.
   0.         -1.         -1.         -1.          0.          0.
  -1.        ]
 [-1.         -1.         -1.          0.          0.          0.
   0.          0.          0.          0.          0.          0.
  -1.        ]
 [-1.         -1.         -1.          0.          0.          0.
   0.          0.          0.          0.          0.          0.
  -1.        ]
 [-1.         -1.         -1.         -1.         -1.         -1.
  -1.         -1.         -1.         -1.         -1.         -1.
  -1.        ]]

[[-1.         -1.         -1.         -1.         -1.         -1.
  -1.         -1.         -1.         -1.         -1.         -1.
  -1.        ]
 [-1.          0.          0.          0.          0.          0.
   0.         -1.         -1.         -1.          0.          0.
  -1.        ]
 [-1.         -1.         -1.         -1.         -1.          0.
   0.         -1.         -1.         -1.          0.          0.
  -1.        ]
 [-1.         -1.         -1.         -1.         -1.          0.
   0.         -1.         -1.         -1.          0.          0.
  -1.        ]
 [-1.         -1.         -1.         -1.         -1.          0.
   0.         -1.         -1.         -1.          0.          0.
  -1.        ]
 [-1.         -1.         -1.         -1.         -1.          0.26643434
   0.19063371 -1.         -1.         -1.          0.04215691  0.
  -1.        ]
 [-1.         -1.         -1.          0.08674581  0.          0.
   0.         -1.         -1.         -1.          0.41402923  0.
  -1.        ]
 [-1.         -1.         -1.          0.          0.          0.
   0.         -1.         -1.         -1.          0.          0.
  -1.        ]
 [-1.         -1.         -1.          0.          0.          0.
   0.         -1.         -1.         -1.          0.          0.
  -1.        ]
 [-1.         -1.         -1.          0.          0.          0.
   0.          0.          0.          0.          0.          0.
  -1.        ]
 [-1.         -1.         -1.          0.          0.          0.
   0.          0.          0.          0.          0.          0.
  -1.        ]
 [-1.         -1.         -1.         -1.         -1.         -1.
  -1.         -1.         -1.         -1.         -1.         -1.
  -1.        ]]

[[-1.         -1.         -1.         -1.         -1.         -1.
  -1.         -1.         -1.         -1.         -1.         -1.
  -1.        ]
 [-1.          0.          0.          0.          0.          0.
   0.         -1.         -1.         -1.          0.          0.
  -1.        ]
 [-1.         -1.         -1.         -1.         -1.          0.
   0.         -1.         -1.         -1.          0.          0.
  -1.        ]
 [-1.         -1.         -1.         -1.         -1.          0.
   0.         -1.         -1.         -1.          0.          0.
  -1.        ]
 [-1.         -1.         -1.         -1.         -1.          0.
   0.         -1.         -1.         -1.          0.          0.
  -1.        ]
 [-1.         -1.         -1.         -1.         -1.          0.
   0.         -1.         -1.         -1.          0.          0.
  -1.        ]
 [-1.         -1.         -1.          0.94212013  0.          0.
   0.         -1.         -1.         -1.          0.05787987  0.
  -1.        ]
 [-1.         -1.         -1.          0.          0.          0.
   0.         -1.         -1.         -1.          0.          0.
  -1.        ]
 [-1.         -1.         -1.          0.          0.          0.
   0.         -1.         -1.         -1.          0.          0.
  -1.        ]
 [-1.         -1.         -1.          0.          0.          0.
   0.          0.          0.          0.          0.          0.
  -1.        ]
 [-1.         -1.         -1.          0.          0.          0.
   0.          0.          0.          0.          0.          0.
  -1.        ]
 [-1.         -1.         -1.         -1.         -1.         -1.
  -1.         -1.         -1.         -1.         -1.         -1.
  -1.        ]]

[[-1.         -1.         -1.         -1.         -1.         -1.
  -1.         -1.         -1.         -1.         -1.         -1.
  -1.        ]
 [-1.          0.          0.          0.          0.          0.
   0.         -1.         -1.         -1.          0.          0.
  -1.        ]
 [-1.         -1.         -1.         -1.         -1.          0.
   0.         -1.         -1.         -1.          0.          0.
  -1.        ]
 [-1.         -1.         -1.         -1.         -1.          0.
   0.         -1.         -1.         -1.          0.          0.
  -1.        ]
 [-1.         -1.         -1.         -1.         -1.          0.
   0.         -1.         -1.         -1.          0.          0.
  -1.        ]
 [-1.         -1.         -1.         -1.         -1.          0.
   0.         -1.         -1.         -1.          0.          0.
  -1.        ]
 [-1.         -1.         -1.          0.          0.          0.
   0.         -1.         -1.         -1.          0.          0.
  -1.        ]
 [-1.         -1.         -1.          0.06487658  0.23440129  0.25773416
   0.23859341 -1.         -1.         -1.          0.          0.
  -1.        ]
 [-1.         -1.         -1.          0.03246144  0.14731691  0.02461621
   0.         -1.         -1.         -1.          0.          0.
  -1.        ]
 [-1.         -1.         -1.          0.          0.          0.
   0.          0.          0.          0.          0.          0.
  -1.        ]
 [-1.         -1.         -1.          0.          0.          0.
   0.          0.          0.          0.          0.          0.
  -1.        ]
 [-1.         -1.         -1.         -1.         -1.         -1.
  -1.         -1.         -1.         -1.         -1.         -1.
  -1.        ]]

[[-1.00000000e+00 -1.00000000e+00 -1.00000000e+00 -1.00000000e+00
  -1.00000000e+00 -1.00000000e+00 -1.00000000e+00 -1.00000000e+00
  -1.00000000e+00 -1.00000000e+00 -1.00000000e+00 -1.00000000e+00
  -1.00000000e+00]
 [-1.00000000e+00  0.00000000e+00  0.00000000e+00  0.00000000e+00
   0.00000000e+00  0.00000000e+00  0.00000000e+00 -1.00000000e+00
  -1.00000000e+00 -1.00000000e+00  0.00000000e+00  0.00000000e+00
  -1.00000000e+00]
 [-1.00000000e+00 -1.00000000e+00 -1.00000000e+00 -1.00000000e+00
  -1.00000000e+00  0.00000000e+00  0.00000000e+00 -1.00000000e+00
  -1.00000000e+00 -1.00000000e+00  0.00000000e+00  0.00000000e+00
  -1.00000000e+00]
 [-1.00000000e+00 -1.00000000e+00 -1.00000000e+00 -1.00000000e+00
  -1.00000000e+00  0.00000000e+00  0.00000000e+00 -1.00000000e+00
  -1.00000000e+00 -1.00000000e+00  0.00000000e+00  0.00000000e+00
  -1.00000000e+00]
 [-1.00000000e+00 -1.00000000e+00 -1.00000000e+00 -1.00000000e+00
  -1.00000000e+00  0.00000000e+00  0.00000000e+00 -1.00000000e+00
  -1.00000000e+00 -1.00000000e+00  0.00000000e+00  0.00000000e+00
  -1.00000000e+00]
 [-1.00000000e+00 -1.00000000e+00 -1.00000000e+00 -1.00000000e+00
  -1.00000000e+00  0.00000000e+00  0.00000000e+00 -1.00000000e+00
  -1.00000000e+00 -1.00000000e+00  0.00000000e+00  0.00000000e+00
  -1.00000000e+00]
 [-1.00000000e+00 -1.00000000e+00 -1.00000000e+00  9.19084950e-04
   0.00000000e+00  0.00000000e+00  3.38007328e-03 -1.00000000e+00
  -1.00000000e+00 -1.00000000e+00  0.00000000e+00  0.00000000e+00
  -1.00000000e+00]
 [-1.00000000e+00 -1.00000000e+00 -1.00000000e+00  1.04219253e-02
   1.46300414e-02  2.34823480e-02  1.09537016e-02 -1.00000000e+00
  -1.00000000e+00 -1.00000000e+00  0.00000000e+00  0.00000000e+00
  -1.00000000e+00]
 [-1.00000000e+00 -1.00000000e+00 -1.00000000e+00  5.81241741e-02
   1.84046564e-01  2.06387208e-01  1.88330775e-01 -1.00000000e+00
  -1.00000000e+00 -1.00000000e+00  0.00000000e+00  0.00000000e+00
  -1.00000000e+00]
 [-1.00000000e+00 -1.00000000e+00 -1.00000000e+00  3.31098000e-02
   1.36583402e-01  4.59503132e-02  2.42526514e-02  0.00000000e+00
   0.00000000e+00  0.00000000e+00  0.00000000e+00  0.00000000e+00
  -1.00000000e+00]
 [-1.00000000e+00 -1.00000000e+00 -1.00000000e+00  6.76788133e-03
   2.56858894e-02  1.51929802e-02  1.17811868e-02  0.00000000e+00
   0.00000000e+00  0.00000000e+00  0.00000000e+00  0.00000000e+00
  -1.00000000e+00]
 [-1.00000000e+00 -1.00000000e+00 -1.00000000e+00 -1.00000000e+00
  -1.00000000e+00 -1.00000000e+00 -1.00000000e+00 -1.00000000e+00
  -1.00000000e+00 -1.00000000e+00 -1.00000000e+00 -1.00000000e+00
  -1.00000000e+00]]

[[-1.00000000e+00 -1.00000000e+00 -1.00000000e+00 -1.00000000e+00
  -1.00000000e+00 -1.00000000e+00 -1.00000000e+00 -1.00000000e+00
  -1.00000000e+00 -1.00000000e+00 -1.00000000e+00 -1.00000000e+00
  -1.00000000e+00]
 [-1.00000000e+00  0.00000000e+00  0.00000000e+00  0.00000000e+00
   0.00000000e+00  0.00000000e+00  0.00000000e+00 -1.00000000e+00
  -1.00000000e+00 -1.00000000e+00  0.00000000e+00  0.00000000e+00
  -1.00000000e+00]
 [-1.00000000e+00 -1.00000000e+00 -1.00000000e+00 -1.00000000e+00
  -1.00000000e+00  0.00000000e+00  0.00000000e+00 -1.00000000e+00
  -1.00000000e+00 -1.00000000e+00  0.00000000e+00  0.00000000e+00
  -1.00000000e+00]
 [-1.00000000e+00 -1.00000000e+00 -1.00000000e+00 -1.00000000e+00
  -1.00000000e+00  0.00000000e+00  0.00000000e+00 -1.00000000e+00
  -1.00000000e+00 -1.00000000e+00  0.00000000e+00  0.00000000e+00
  -1.00000000e+00]
 [-1.00000000e+00 -1.00000000e+00 -1.00000000e+00 -1.00000000e+00
  -1.00000000e+00  0.00000000e+00  0.00000000e+00 -1.00000000e+00
  -1.00000000e+00 -1.00000000e+00  0.00000000e+00  0.00000000e+00
  -1.00000000e+00]
 [-1.00000000e+00 -1.00000000e+00 -1.00000000e+00 -1.00000000e+00
  -1.00000000e+00  0.00000000e+00  4.78843714e-05 -1.00000000e+00
  -1.00000000e+00 -1.00000000e+00  0.00000000e+00  0.00000000e+00
  -1.00000000e+00]
 [-1.00000000e+00 -1.00000000e+00 -1.00000000e+00  1.47643942e-04
   5.85916656e-05  1.91537486e-04  1.55177440e-04 -1.00000000e+00
  -1.00000000e+00 -1.00000000e+00  0.00000000e+00  0.00000000e+00
  -1.00000000e+00]
 [-1.00000000e+00 -1.00000000e+00 -1.00000000e+00  2.16783310e-03
   1.58857556e-03  1.24248652e-03  6.29965953e-03 -1.00000000e+00
  -1.00000000e+00 -1.00000000e+00  0.00000000e+00  0.00000000e+00
  -1.00000000e+00]
 [-1.00000000e+00 -1.00000000e+00 -1.00000000e+00  1.64114513e-02
   2.32571412e-02  3.64580525e-02  1.73062155e-02 -1.00000000e+00
  -1.00000000e+00 -1.00000000e+00  0.00000000e+00  0.00000000e+00
  -1.00000000e+00]
 [-1.00000000e+00 -1.00000000e+00 -1.00000000e+00  5.75251080e-02
   1.56417107e-01  1.76814093e-01  1.55599207e-01  1.03073769e-03
   0.00000000e+00  0.00000000e+00  0.00000000e+00  0.00000000e+00
  -1.00000000e+00]
 [-1.00000000e+00 -1.00000000e+00 -1.00000000e+00  4.74223346e-02
   1.48724418e-01  8.84113148e-02  5.92185261e-02  3.50490306e-03
   0.00000000e+00  0.00000000e+00  0.00000000e+00  0.00000000e+00
  -1.00000000e+00]
 [-1.00000000e+00 -1.00000000e+00 -1.00000000e+00 -1.00000000e+00
  -1.00000000e+00 -1.00000000e+00 -1.00000000e+00 -1.00000000e+00
  -1.00000000e+00 -1.00000000e+00 -1.00000000e+00 -1.00000000e+00
  -1.00000000e+00]]

[[-1.00000000e+00 -1.00000000e+00 -1.00000000e+00 -1.00000000e+00
  -1.00000000e+00 -1.00000000e+00 -1.00000000e+00 -1.00000000e+00
  -1.00000000e+00 -1.00000000e+00 -1.00000000e+00 -1.00000000e+00
  -1.00000000e+00]
 [-1.00000000e+00  0.00000000e+00  0.00000000e+00  0.00000000e+00
   0.00000000e+00  0.00000000e+00  0.00000000e+00 -1.00000000e+00
  -1.00000000e+00 -1.00000000e+00  0.00000000e+00  0.00000000e+00
  -1.00000000e+00]
 [-1.00000000e+00 -1.00000000e+00 -1.00000000e+00 -1.00000000e+00
  -1.00000000e+00  0.00000000e+00  0.00000000e+00 -1.00000000e+00
  -1.00000000e+00 -1.00000000e+00  0.00000000e+00  0.00000000e+00
  -1.00000000e+00]
 [-1.00000000e+00 -1.00000000e+00 -1.00000000e+00 -1.00000000e+00
  -1.00000000e+00  0.00000000e+00  0.00000000e+00 -1.00000000e+00
  -1.00000000e+00 -1.00000000e+00  0.00000000e+00  0.00000000e+00
  -1.00000000e+00]
 [-1.00000000e+00 -1.00000000e+00 -1.00000000e+00 -1.00000000e+00
  -1.00000000e+00  0.00000000e+00  1.42456005e-05 -1.00000000e+00
  -1.00000000e+00 -1.00000000e+00  0.00000000e+00  0.00000000e+00
  -1.00000000e+00]
 [-1.00000000e+00 -1.00000000e+00 -1.00000000e+00 -1.00000000e+00
  -1.00000000e+00  2.03508578e-05  4.61652883e-05 -1.00000000e+00
  -1.00000000e+00 -1.00000000e+00  0.00000000e+00  0.00000000e+00
  -1.00000000e+00]
 [-1.00000000e+00 -1.00000000e+00 -1.00000000e+00  9.29629554e-05
   1.83599511e-04  1.38028597e-04  2.03492049e-03 -1.00000000e+00
  -1.00000000e+00 -1.00000000e+00  0.00000000e+00  0.00000000e+00
  -1.00000000e+00]
 [-1.00000000e+00 -1.00000000e+00 -1.00000000e+00  7.06898982e-04
   2.65014102e-03  4.37928106e-03  6.14526659e-03 -1.00000000e+00
  -1.00000000e+00 -1.00000000e+00  0.00000000e+00  0.00000000e+00
  -1.00000000e+00]
 [-1.00000000e+00 -1.00000000e+00 -1.00000000e+00  2.53695000e-03
   1.92700018e-02  3.22652710e-02  4.14758564e-02 -1.00000000e+00
  -1.00000000e+00 -1.00000000e+00  0.00000000e+00  0.00000000e+00
  -1.00000000e+00]
 [-1.00000000e+00 -1.00000000e+00 -1.00000000e+00  3.72066051e-03
   5.34228532e-02  1.33130143e-01  1.63567106e-01  1.45998651e-01
   2.55297538e-02  7.71285713e-03  0.00000000e+00  0.00000000e+00
  -1.00000000e+00]
 [-1.00000000e+00 -1.00000000e+00 -1.00000000e+00  4.55174635e-03
   4.51860313e-02  1.30080608e-01  9.45456869e-02  6.40102745e-02
   1.35951428e-02  2.98854508e-03  0.00000000e+00  0.00000000e+00
  -1.00000000e+00]
 [-1.00000000e+00 -1.00000000e+00 -1.00000000e+00 -1.00000000e+00
  -1.00000000e+00 -1.00000000e+00 -1.00000000e+00 -1.00000000e+00
  -1.00000000e+00 -1.00000000e+00 -1.00000000e+00 -1.00000000e+00
  -1.00000000e+00]]

[[-1.00000000e+00 -1.00000000e+00 -1.00000000e+00 -1.00000000e+00
  -1.00000000e+00 -1.00000000e+00 -1.00000000e+00 -1.00000000e+00
  -1.00000000e+00 -1.00000000e+00 -1.00000000e+00 -1.00000000e+00
  -1.00000000e+00]
 [-1.00000000e+00  0.00000000e+00  0.00000000e+00  0.00000000e+00
   0.00000000e+00  0.00000000e+00  0.00000000e+00 -1.00000000e+00
  -1.00000000e+00 -1.00000000e+00  0.00000000e+00  0.00000000e+00
  -1.00000000e+00]
 [-1.00000000e+00 -1.00000000e+00 -1.00000000e+00 -1.00000000e+00
  -1.00000000e+00  0.00000000e+00  0.00000000e+00 -1.00000000e+00
  -1.00000000e+00 -1.00000000e+00  0.00000000e+00  0.00000000e+00
  -1.00000000e+00]
 [-1.00000000e+00 -1.00000000e+00 -1.00000000e+00 -1.00000000e+00
  -1.00000000e+00  0.00000000e+00  0.00000000e+00 -1.00000000e+00
  -1.00000000e+00 -1.00000000e+00  0.00000000e+00  0.00000000e+00
  -1.00000000e+00]
 [-1.00000000e+00 -1.00000000e+00 -1.00000000e+00 -1.00000000e+00
  -1.00000000e+00  0.00000000e+00  0.00000000e+00 -1.00000000e+00
  -1.00000000e+00 -1.00000000e+00  0.00000000e+00  0.00000000e+00
  -1.00000000e+00]
 [-1.00000000e+00 -1.00000000e+00 -1.00000000e+00 -1.00000000e+00
  -1.00000000e+00  0.00000000e+00  0.00000000e+00 -1.00000000e+00
  -1.00000000e+00 -1.00000000e+00  0.00000000e+00  0.00000000e+00
  -1.00000000e+00]
 [-1.00000000e+00 -1.00000000e+00 -1.00000000e+00  0.00000000e+00
   0.00000000e+00  0.00000000e+00  0.00000000e+00 -1.00000000e+00
  -1.00000000e+00 -1.00000000e+00  0.00000000e+00  0.00000000e+00
  -1.00000000e+00]
 [-1.00000000e+00 -1.00000000e+00 -1.00000000e+00  0.00000000e+00
   0.00000000e+00  0.00000000e+00  0.00000000e+00 -1.00000000e+00
  -1.00000000e+00 -1.00000000e+00  0.00000000e+00  0.00000000e+00
  -1.00000000e+00]
 [-1.00000000e+00 -1.00000000e+00 -1.00000000e+00  0.00000000e+00
   0.00000000e+00  0.00000000e+00  0.00000000e+00 -1.00000000e+00
  -1.00000000e+00 -1.00000000e+00  0.00000000e+00  0.00000000e+00
  -1.00000000e+00]
 [-1.00000000e+00 -1.00000000e+00 -1.00000000e+00  0.00000000e+00
   0.00000000e+00  0.00000000e+00  0.00000000e+00  6.63288829e-01
   0.00000000e+00  0.00000000e+00  0.00000000e+00  0.00000000e+00
  -1.00000000e+00]
 [-1.00000000e+00 -1.00000000e+00 -1.00000000e+00  0.00000000e+00
   0.00000000e+00  0.00000000e+00  0.00000000e+00  3.36660058e-01
   5.11132702e-05  0.00000000e+00  0.00000000e+00  0.00000000e+00
  -1.00000000e+00]
 [-1.00000000e+00 -1.00000000e+00 -1.00000000e+00 -1.00000000e+00
  -1.00000000e+00 -1.00000000e+00 -1.00000000e+00 -1.00000000e+00
  -1.00000000e+00 -1.00000000e+00 -1.00000000e+00 -1.00000000e+00
  -1.00000000e+00]]

[[-1.         -1.         -1.         -1.         -1.         -1.
  -1.         -1.         -1.         -1.         -1.         -1.
  -1.        ]
 [-1.          0.          0.          0.          0.          0.
   0.         -1.         -1.         -1.          0.          0.
  -1.        ]
 [-1.         -1.         -1.         -1.         -1.          0.
   0.         -1.         -1.         -1.          0.          0.
  -1.        ]
 [-1.         -1.         -1.         -1.         -1.          0.
   0.         -1.         -1.         -1.          0.          0.
  -1.        ]
 [-1.         -1.         -1.         -1.         -1.          0.
   0.         -1.         -1.         -1.          0.          0.
  -1.        ]
 [-1.         -1.         -1.         -1.         -1.          0.
   0.         -1.         -1.         -1.          0.          0.
  -1.        ]
 [-1.         -1.         -1.          0.          0.          0.
   0.         -1.         -1.         -1.          0.          0.
  -1.        ]
 [-1.         -1.         -1.          0.          0.          0.
   0.         -1.         -1.         -1.          0.          0.
  -1.        ]
 [-1.         -1.         -1.          0.          0.          0.
   0.         -1.         -1.         -1.          0.          0.
  -1.        ]
 [-1.         -1.         -1.          0.          0.          0.
   0.00939659  0.02018917  0.5196285   0.06227637  0.03057389  0.
  -1.        ]
 [-1.         -1.         -1.          0.          0.          0.
   0.00476935  0.03758709  0.26676147  0.03329951  0.01551805  0.
  -1.        ]
 [-1.         -1.         -1.         -1.         -1.         -1.
  -1.         -1.         -1.         -1.         -1.         -1.
  -1.        ]]

[[-1.00000000e+00 -1.00000000e+00 -1.00000000e+00 -1.00000000e+00
  -1.00000000e+00 -1.00000000e+00 -1.00000000e+00 -1.00000000e+00
  -1.00000000e+00 -1.00000000e+00 -1.00000000e+00 -1.00000000e+00
  -1.00000000e+00]
 [-1.00000000e+00  0.00000000e+00  0.00000000e+00  0.00000000e+00
   0.00000000e+00  0.00000000e+00  0.00000000e+00 -1.00000000e+00
  -1.00000000e+00 -1.00000000e+00  0.00000000e+00  0.00000000e+00
  -1.00000000e+00]
 [-1.00000000e+00 -1.00000000e+00 -1.00000000e+00 -1.00000000e+00
  -1.00000000e+00  0.00000000e+00  0.00000000e+00 -1.00000000e+00
  -1.00000000e+00 -1.00000000e+00  0.00000000e+00  0.00000000e+00
  -1.00000000e+00]
 [-1.00000000e+00 -1.00000000e+00 -1.00000000e+00 -1.00000000e+00
  -1.00000000e+00  0.00000000e+00  0.00000000e+00 -1.00000000e+00
  -1.00000000e+00 -1.00000000e+00  0.00000000e+00  0.00000000e+00
  -1.00000000e+00]
 [-1.00000000e+00 -1.00000000e+00 -1.00000000e+00 -1.00000000e+00
  -1.00000000e+00  0.00000000e+00  0.00000000e+00 -1.00000000e+00
  -1.00000000e+00 -1.00000000e+00  0.00000000e+00  0.00000000e+00
  -1.00000000e+00]
 [-1.00000000e+00 -1.00000000e+00 -1.00000000e+00 -1.00000000e+00
  -1.00000000e+00  0.00000000e+00  0.00000000e+00 -1.00000000e+00
  -1.00000000e+00 -1.00000000e+00  0.00000000e+00  0.00000000e+00
  -1.00000000e+00]
 [-1.00000000e+00 -1.00000000e+00 -1.00000000e+00  0.00000000e+00
   0.00000000e+00  0.00000000e+00  0.00000000e+00 -1.00000000e+00
  -1.00000000e+00 -1.00000000e+00  0.00000000e+00  0.00000000e+00
  -1.00000000e+00]
 [-1.00000000e+00 -1.00000000e+00 -1.00000000e+00  0.00000000e+00
   0.00000000e+00  0.00000000e+00  0.00000000e+00 -1.00000000e+00
  -1.00000000e+00 -1.00000000e+00  0.00000000e+00  0.00000000e+00
  -1.00000000e+00]
 [-1.00000000e+00 -1.00000000e+00 -1.00000000e+00  0.00000000e+00
   0.00000000e+00  0.00000000e+00  3.99355149e-04 -1.00000000e+00
  -1.00000000e+00 -1.00000000e+00  1.29939037e-03  0.00000000e+00
  -1.00000000e+00]
 [-1.00000000e+00 -1.00000000e+00 -1.00000000e+00  0.00000000e+00
   0.00000000e+00  0.00000000e+00  5.56276524e-04  1.66797316e-02
   3.38523342e-02  4.11863900e-01  1.03192045e-01  5.55616087e-02
  -1.00000000e+00]
 [-1.00000000e+00 -1.00000000e+00 -1.00000000e+00  0.00000000e+00
   0.00000000e+00  6.75658032e-05  9.31838939e-04  8.63929321e-03
   6.03035106e-02  2.19685283e-01  5.79436915e-02  2.90241759e-02
  -1.00000000e+00]
 [-1.00000000e+00 -1.00000000e+00 -1.00000000e+00 -1.00000000e+00
  -1.00000000e+00 -1.00000000e+00 -1.00000000e+00 -1.00000000e+00
  -1.00000000e+00 -1.00000000e+00 -1.00000000e+00 -1.00000000e+00
  -1.00000000e+00]]

[[-1.00000000e+00 -1.00000000e+00 -1.00000000e+00 -1.00000000e+00
  -1.00000000e+00 -1.00000000e+00 -1.00000000e+00 -1.00000000e+00
  -1.00000000e+00 -1.00000000e+00 -1.00000000e+00 -1.00000000e+00
  -1.00000000e+00]
 [-1.00000000e+00  0.00000000e+00  0.00000000e+00  0.00000000e+00
   0.00000000e+00  0.00000000e+00  0.00000000e+00 -1.00000000e+00
  -1.00000000e+00 -1.00000000e+00  0.00000000e+00  0.00000000e+00
  -1.00000000e+00]
 [-1.00000000e+00 -1.00000000e+00 -1.00000000e+00 -1.00000000e+00
  -1.00000000e+00  0.00000000e+00  0.00000000e+00 -1.00000000e+00
  -1.00000000e+00 -1.00000000e+00  0.00000000e+00  0.00000000e+00
  -1.00000000e+00]
 [-1.00000000e+00 -1.00000000e+00 -1.00000000e+00 -1.00000000e+00
  -1.00000000e+00  0.00000000e+00  0.00000000e+00 -1.00000000e+00
  -1.00000000e+00 -1.00000000e+00  0.00000000e+00  0.00000000e+00
  -1.00000000e+00]
 [-1.00000000e+00 -1.00000000e+00 -1.00000000e+00 -1.00000000e+00
  -1.00000000e+00  0.00000000e+00  0.00000000e+00 -1.00000000e+00
  -1.00000000e+00 -1.00000000e+00  0.00000000e+00  0.00000000e+00
  -1.00000000e+00]
 [-1.00000000e+00 -1.00000000e+00 -1.00000000e+00 -1.00000000e+00
  -1.00000000e+00  0.00000000e+00  0.00000000e+00 -1.00000000e+00
  -1.00000000e+00 -1.00000000e+00  0.00000000e+00  0.00000000e+00
  -1.00000000e+00]
 [-1.00000000e+00 -1.00000000e+00 -1.00000000e+00  0.00000000e+00
   0.00000000e+00  0.00000000e+00  0.00000000e+00 -1.00000000e+00
  -1.00000000e+00 -1.00000000e+00  0.00000000e+00  0.00000000e+00
  -1.00000000e+00]
 [-1.00000000e+00 -1.00000000e+00 -1.00000000e+00  0.00000000e+00
   0.00000000e+00  0.00000000e+00  1.18808157e-04 -1.00000000e+00
  -1.00000000e+00 -1.00000000e+00  5.52240906e-05  0.00000000e+00
  -1.00000000e+00]
 [-1.00000000e+00 -1.00000000e+00 -1.00000000e+00  0.00000000e+00
   0.00000000e+00  1.01835563e-04  2.36417523e-05 -1.00000000e+00
  -1.00000000e+00 -1.00000000e+00  4.38566190e-03  9.94033631e-04
  -1.00000000e+00]
 [-1.00000000e+00 -1.00000000e+00 -1.00000000e+00  0.00000000e+00
   0.00000000e+00  3.82872885e-06  4.07908561e-04  1.39468622e-03
   2.22482284e-02  4.34127202e-02  3.34548230e-01  2.09979683e-01
  -1.00000000e+00]
 [-1.00000000e+00 -1.00000000e+00 -1.00000000e+00  0.00000000e+00
   9.57182213e-07  1.32010516e-05  1.98676761e-04  2.52554236e-03
   1.17619564e-02  7.35714615e-02  2.03157584e-01  9.10961302e-02
  -1.00000000e+00]
 [-1.00000000e+00 -1.00000000e+00 -1.00000000e+00 -1.00000000e+00
  -1.00000000e+00 -1.00000000e+00 -1.00000000e+00 -1.00000000e+00
  -1.00000000e+00 -1.00000000e+00 -1.00000000e+00 -1.00000000e+00
  -1.00000000e+00]]

