[[-1. -1. -1. -1. -1. -1. -1. -1. -1. -1. -1. -1. -1. -1. -1. -1. -1. -1.
  -1. -1. -1. -1. -1. -1.]
 [-1.  1.  0.  0.  0.  0.  0. -1. -1. -1.  0.  0.  0.  0. -1. -1. -1. -1.
  -1. -1. -1. -1. -1. -1.]
 [-1. -1. -1. -1. -1.  0.  0. -1. -1. -1.  0.  0.  0.  0. -1. -1. -1. -1.
  -1. -1. -1. -1. -1. -1.]
 [-1. -1. -1. -1. -1.  0.  0. -1. -1. -1.  0.  0.  0.  0. -1. -1. -1. -1.
  -1. -1. -1. -1. -1. -1.]
 [-1. -1. -1. -1. -1.  0.  0. -1. -1. -1. -1. -1.  0.  0. -1. -1. -1. -1.
  -1. -1. -1. -1. -1. -1.]
 [-1. -1. -1. -1. -1.  0.  0. -1. -1. -1. -1. -1.  0.  0. -1. -1. -1. -1.
  -1. -1. -1. -1. -1. -1.]
 [-1. -1. -1.  0.  0.  0.  0. -1. -1. -1. -1. -1.  0.  0. -1. -1. -1. -1.
  -1. -1. -1. -1. -1. -1.]
 [-1. -1. -1.  0.  0.  0.  0. -1. -1. -1. -1. -1.  0.  0. -1. -1. -1. -1.
  -1. -1.  0.  0.  0. -1.]
 [-1. -1. -1.  0.  0.  0.  0. -1. -1. -1. -1. -1.  0.  0. -1. -1. -1. -1.
  -1. -1.  0.  0.  0. -1.]
 [-1. -1. -1.  0.  0.  0.  0.  0.  0.  0.  0.  0.  0.  0. -1. -1. -1. -1.
  -1. -1.  0.  0. -1. -1.]
 [-1. -1. -1.  0.  0.  0.  0.  0.  0.  0.  0.  0.  0.  0. -1. -1. -1. -1.
  -1. -1.  0.  0. -1. -1.]
 [-1. -1. -1.  0.  0.  0.  0. -1. -1. -1. -1. -1.  0.  0. -1. -1. -1. -1.
  -1. -1.  0.  0. -1. -1.]
 [-1. -1. -1.  0.  0.  0.  0. -1. -1. -1. -1. -1.  0.  0. -1. -1. -1. -1.
  -1. -1.  0.  0. -1. -1.]
 [-1. -1. -1.  0.  0.  0.  0. -1. -1. -1. -1. -1.  0.  0. -1. -1. -1. -1.
  -1. -1.  0.  0. -1. -1.]
 [-1. -1. -1.  0.  0.  0.  0. -1. -1. -1. -1. -1.  0.  0. -1. -1. -1. -1.
  -1. -1.  0.  0. -1. -1.]
 [-1. -1. -1.  0.  0.  0.  0. -1. -1. -1. -1. -1.  0.  0.  0.  0.  0.  0.
   0.  0.  0.  0. -1. -1.]
 [-1. -1. -1.  0.  0.  0.  0. -1.  0.  0.  0.  0.  0.  0. -1. -1.  0.  0.
   0.  0.  0. -1. -1. -1.]
 [-1. -1. -1.  0.  0.  0.  0. -1.  0.  0.  0.  0.  0.  0. -1. -1.  0.  0.
   0.  0.  0. -1. -1. -1.]
 [-1. -1. -1.  0.  0.  0.  0. -1.  0.  0.  0.  0.  0.  0. -1. -1.  0.  0.
   0.  0.  0. -1. -1. -1.]
 [-1. -1. -1.  0.  0.  0.  0. -1.  0.  0.  0.  0.  0.  0.  0.  0.  0.  0.
   0.  0.  0. -1. -1. -1.]
 [-1. -1. -1.  0. -1. -1. -1. -1.  0.  0.  0.  0.  0.  0.  0.  0.  0.  0.
   0.  0.  0. -1. -1. -1.]
 [-1. -1. -1.  0. -1. -1. -1. -1.  0.  0.  0.  0.  0.  0.  0.  0.  0.  0.
   0. -1. -1. -1. -1. -1.]
 [-1. -1. -1. -1. -1. -1. -1. -1. -1. -1. -1. -1. -1. -1. -1. -1. -1. -1.
  -1. -1. -1. -1. -1. -1.]]

[[-1.   -1.   -1.   -1.   -1.   -1.   -1.   -1.   -1.   -1.   -1.   -1.
  -1.   -1.   -1.   -1.   -1.   -1.   -1.   -1.   -1.   -1.   -1.   -1.  ]
 [-1.    0.    0.85  0.1   0.05  0.    0.   -1.   -1.   -1.    0.    0.
   0.    0.   -1.   -1.   -1.   -1.   -1.   -1.   -1.   -1.   -1.   -1.  ]
 [-1.   -1.   -1.   -1.   -1.    0.    0.   -1.   -1.   -1.    0.    0.
   0.    0.   -1.   -1.   -1.   -1.   -1.   -1.   -1.   -1.   -1.   -1.  ]
 [-1.   -1.   -1.   -1.   -1.    0.    0.   -1.   -1.   -1.    0.    0.
   0.    0.   -1.   -1.   -1.   -1.   -1.   -1.   -1.   -1.   -1.   -1.  ]
 [-1.   -1.   -1.   -1.   -1.    0.    0.   -1.   -1.   -1.   -1.   -1.
   0.    0.   -1.   -1.   -1.   -1.   -1.   -1.   -1.   -1.   -1.   -1.  ]
 [-1.   -1.   -1.   -1.   -1.    0.    0.   -1.   -1.   -1.   -1.   -1.
   0.    0.   -1.   -1.   -1.   -1.   -1.   -1.   -1.   -1.   -1.   -1.  ]
 [-1.   -1.   -1.    0.    0.    0.    0.   -1.   -1.   -1.   -1.   -1.
   0.    0.   -1.   -1.   -1.   -1.   -1.   -1.   -1.   -1.   -1.   -1.  ]
 [-1.   -1.   -1.    0.    0.    0.    0.   -1.   -1.   -1.   -1.   -1.
   0.    0.   -1.   -1.   -1.   -1.   -1.   -1.    0.    0.    0.   -1.  ]
 [-1.   -1.   -1.    0.    0.    0.    0.   -1.   -1.   -1.   -1.   -1.
   0.    0.   -1.   -1.   -1.   -1.   -1.   -1.    0.    0.    0.   -1.  ]
 [-1.   -1.   -1.    0.    0.    0.    0.    0.    0.    0.    0.    0.
   0.    0.   -1.   -1.   -1.   -1.   -1.   -1.    0.    0.   -1.   -1.  ]
 [-1.   -1.   -1.    0.    0.    0.    0.    0.    0.    0.    0.    0.
   0.    0.   -1.   -1.   -1.   -1.   -1.   -1.    0.    0.   -1.   -1.  ]
 [-1.   -1.   -1.    0.    0.    0.    0.   -1.   -1.   -1.   -1.   -1.
   0.    0.   -1.   -1.   -1.   -1.   -1.   -1.    0.    0.   -1.   -1.  ]
 [-1.   -1.   -1.    0.    0.    0.    0.   -1.   -1.   -1.   -1.   -1.
   0.    0.   -1.   -1.   -1.   -1.   -1.   -1.    0.    0.   -1.   -1.  ]
 [-1.   -1.   -1.    0.    0.    0.    0.   -1.   -1.   -1.   -1.   -1.
   0.    0.   -1.   -1.   -1.   -1.   -1.   -1.    0.    0.   -1.   -1.  ]
 [-1.   -1.   -1.    0.    0.    0.    0.   -1.   -1.   -1.   -1.   -1.
   0.    0.   -1.   -1.   -1.   -1.   -1.   -1.    0.    0.   -1.   -1.  ]
 [-1.   -1.   -1.    0.    0.    0.    0.   -1.   -1.   -1.   -1.   -1.
   0.    0.    0.    0.    0.    0.    0.    0.    0.    0.   -1.   -1.  ]
 [-1.   -1.   -1.    0.    0.    0.    0.   -1.    0.    0.    0.    0.
   0.    0.   -1.   -1.    0.    0.    0.    0.    0.   -1.   -1.   -1.  ]
 [-1.   -1.   -1.    0.    0.    0.    0.   -1.    0.    0.    0.    0.
   0.    0.   -1.   -1.    0.    0.    0.    0.    0.   -1.   -1.   -1.  ]
 [-1.   -1.   -1.    0.    0.    0.    0.   -1.    0.    0.    0.    0.
   0.    0.   -1.   -1.    0.    0.    0.    0.    0.   -1.   -1.   -1.  ]
 [-1.   -1.   -1.    0.    0.    0.    0.   -1.    0.    0.    0.    0.
   0.    0.    0.    0.    0.    0.    0.    0.    0.   -1.   -1.   -1.  ]
 [-1.   -1.   -1.    0.   -1.   -1.   -1.   -1.    0.    0.    0.    0.
   0.    0.    0.    0.    0.    0.    0.    0.    0.   -1.   -1.   -1.  ]
 [-1.   -1.   -1.    0.   -1.   -1.   -1.   -1.    0.    0.    0.    0.
   0.    0.    0.    0.    0.    0.    0.   -1.   -1.   -1.   -1.   -1.  ]
 [-1.   -1.   -1.   -1.   -1.   -1.   -1.   -1.   -1.   -1.   -1.   -1.
  -1.   -1.   -1.   -1.   -1.   -1.   -1.   -1.   -1.   -1.   -1.   -1.  ]]

[[-1.         -1.         -1.         -1.         -1.         -1.
  -1.         -1.         -1.         -1.         -1.         -1.
  -1.         -1.         -1.         -1.         -1.         -1.
  -1.         -1.         -1.         -1.         -1.         -1.        ]
 [-1.          0.036125    0.00859043  0.69067021  0.1634734   0.09143883
   0.00970213 -1.         -1.         -1.          0.          0.
   0.          0.         -1.         -1.         -1.         -1.
  -1.         -1.         -1.         -1.         -1.         -1.        ]
 [-1.         -1.         -1.         -1.         -1.          0.
   0.         -1.         -1.         -1.          0.          0.
   0.          0.         -1.         -1.         -1.         -1.
  -1.         -1.         -1.         -1.         -1.         -1.        ]
 [-1.         -1.         -1.         -1.         -1.          0.
   0.         -1.         -1.         -1.          0.          0.
   0.          0.         -1.         -1.         -1.         -1.
  -1.         -1.         -1.         -1.         -1.         -1.        ]
 [-1.         -1.         -1.         -1.         -1.          0.
   0.         -1.         -1.         -1.         -1.         -1.
   0.          0.         -1.         -1.         -1.         -1.
  -1.         -1.         -1.         -1.         -1.         -1.        ]
 [-1.         -1.         -1.         -1.         -1.          0.
   0.         -1.         -1.         -1.         -1.         -1.
   0.          0.         -1.         -1.         -1.         -1.
  -1.         -1.         -1.         -1.         -1.         -1.        ]
 [-1.         -1.         -1.          0.          0.          0.
   0.         -1.         -1.         -1.         -1.         -1.
   0.          0.         -1.         -1.         -1.         -1.
  -1.         -1.         -1.         -1.         -1.         -1.        ]
 [-1.         -1.         -1.          0.          0.          0.
   0.         -1.         -1.         -1.         -1.         -1.
   0.          0.         -1.         -1.         -1.         -1.
  -1.         -1.          0.          0.          0.         -1.        ]
 [-1.         -1.         -1.          0.          0.          0.
   0.         -1.         -1.         -1.         -1.         -1.
   0.          0.         -1.         -1.         -1.         -1.
  -1.         -1.          0.          0.          0.         -1.        ]
 [-1.         -1.         -1.          0.          0.          0.
   0.          0.          0.          0.          0.          0.
   0.          0.         -1.         -1.         -1.         -1.
  -1.         -1.          0.          0.         -1.         -1.        ]
 [-1.         -1.         -1.          0.          0.          0.
   0.          0.          0.          0.          0.          0.
   0.          0.         -1.         -1.         -1.         -1.
  -1.         -1.          0.          0.         -1.         -1.        ]
 [-1.         -1.         -1.          0.          0.          0.
   0.         -1.         -1.         -1.         -1.         -1.
   0.          0.         -1.         -1.         -1.         -1.
  -1.         -1.          0.          0.         -1.         -1.        ]
 [-1.         -1.         -1.          0.          0.          0.
   0.         -1.         -1.         -1.         -1.         -1.
   0.          0.         -1.         -1.         -1.         -1.
  -1.         -1.          0.          0.         -1.         -1.        ]
 [-1.         -1.         -1.          0.          0.          0.
   0.         -1.         -1.         -1.         -1.         -1.
   0.          0.         -1.         -1.         -1.         -1.
  -1.         -1.          0.          0.         -1.         -1.        ]
 [-1.         -1.         -1.          0.          0.          0.
   0.         -1.         -1.         -1.         -1.         -1.
   0.          0.         -1.         -1.         -1.         -1.
  -1.         -1.          0.          0.         -1.         -1.        ]
 [-1.         -1.         -1.          0.          0.          0.
   0.         -1.         -1.         -1.         -1.         -1.
   0.          0.          0.          0.          0.          0.
   0.          0.          0.          0.         -1.         -1.        ]
 [-1.         -1.         -1.          0.          0.          0.
   0.         -1.          0.          0.          0.          0.
   0.          0.         -1.         -1.          0.          0.
   0.          0.          0.         -1.         -1.         -1.        ]
 [-1.         -1.         -1.          0.          0.          0.
   0.         -1.          0.          0.          0.          0.
   0.          0.         -1.         -1.          0.          0.
   0.          0.          0.         -1.         -1.         -1.        ]
 [-1.         -1.         -1.          0.          0.          0.
   0.         -1.          0.          0.          0.          0.
   0.          0.         -1.         -1.          0.          0.
   0.          0.          0.         -1.         -1.         -1.        ]
 [-1.         -1.         -1.          0.          0.          0.
   0.         -1.          0.          0.          0.          0.
   0.          0.          0.          0.          0.          0.
   0.          0.          0.         -1.         -1.         -1.        ]
 [-1.         -1.         -1.          0.         -1.         -1.
  -1.         -1.          0.          0.          0.          0.
   0.          0.          0.          0.          0.          0.
   0.          0.          0.         -1.         -1.         -1.        ]
 [-1.         -1.         -1.          0.         -1.         -1.
  -1.         -1.          0.          0.          0.          0.
   0.          0.          0.          0.          0.          0.
   0.         -1.         -1.         -1.         -1.         -1.        ]
 [-1.         -1.         -1.         -1.         -1.         -1.
  -1.         -1.         -1.         -1.         -1.         -1.
  -1.         -1.         -1.         -1.         -1.         -1.
  -1.         -1.         -1.         -1.         -1.         -1.        ]]

[[-1.00000000e+00 -1.00000000e+00 -1.00000000e+00 -1.00000000e+00
  -1.00000000e+00 -1.00000000e+00 -1.00000000e+00 -1.00000000e+00
  -1.00000000e+00 -1.00000000e+00 -1.00000000e+00 -1.00000000e+00
  -1.00000000e+00 -1.00000000e+00 -1.00000000e+00 -1.00000000e+00
  -1.00000000e+00 -1.00000000e+00 -1.00000000e+00 -1.00000000e+00
  -1.00000000e+00 -1.00000000e+00 -1.00000000e+00 -1.00000000e+00]
 [-1.00000000e+00  3.65093085e-04  6.00597340e-02  2.21848572e-02
   5.65080687e-01  2.14138833e-01  1.28659688e-01 -1.00000000e+00
  -1.00000000e+00 -1.00000000e+00  0.00000000e+00  0.00000000e+00
   0.00000000e+00  0.00000000e+00 -1.00000000e+00 -1.00000000e+00
  -1.00000000e+00 -1.00000000e+00 -1.00000000e+00 -1.00000000e+00
  -1.00000000e+00 -1.00000000e+00 -1.00000000e+00 -1.00000000e+00]
 [-1.00000000e+00 -1.00000000e+00 -1.00000000e+00 -1.00000000e+00
  -1.00000000e+00  5.18153369e-03  4.32957447e-03 -1.00000000e+00
  -1.00000000e+00 -1.00000000e+00  0.00000000e+00  0.00000000e+00
   0.00000000e+00  0.00000000e+00 -1.00000000e+00 -1.00000000e+00
  -1.00000000e+00 -1.00000000e+00 -1.00000000e+00 -1.00000000e+00
  -1.00000000e+00 -1.00000000e+00 -1.00000000e+00 -1.00000000e+00]
 [-1.00000000e+00 -1.00000000e+00 -1.00000000e+00 -1.00000000e+00
  -1.00000000e+00  0.00000000e+00  0.00000000e+00 -1.00000000e+00
  -1.00000000e+00 -1.00000000e+00  0.00000000e+00  0.00000000e+00
   0.00000000e+00  0.00000000e+00 -1.00000000e+00 -1.00000000e+00
  -1.00000000e+00 -1.00000000e+00 -1.00000000e+00 -1.00000000e+00
  -1.00000000e+00 -1.00000000e+00 -1.00000000e+00 -1.00000000e+00]
 [-1.00000000e+00 -1.00000000e+00 -1.00000000e+00 -1.00000000e+00
  -1.00000000e+00  0.00000000e+00  0.00000000e+00 -1.00000000e+00
  -1.00000000e+00 -1.00000000e+00 -1.00000000e+00 -1.00000000e+00
   0.00000000e+00  0.00000000e+00 -1.00000000e+00 -1.00000000e+00
  -1.00000000e+00 -1.00000000e+00 -1.00000000e+00 -1.00000000e+00
  -1.00000000e+00 -1.00000000e+00 -1.00000000e+00 -1.00000000e+00]
 [-1.00000000e+00 -1.00000000e+00 -1.00000000e+00 -1.00000000e+00
  -1.00000000e+00  0.00000000e+00  0.00000000e+00 -1.00000000e+00
  -1.00000000e+00 -1.00000000e+00 -1.00000000e+00 -1.00000000e+00
   0.00000000e+00  0.00000000e+00 -1.00000000e+00 -1.00000000e+00
  -1.00000000e+00 -1.00000000e+00 -1.00000000e+00 -1.00000000e+00
  -1.00000000e+00 -1.00000000e+00 -1.00000000e+00 -1.00000000e+00]
 [-1.00000000e+00 -1.00000000e+00 -1.00000000e+00  0.00000000e+00
   0.00000000e+00  0.00000000e+00  0.00000000e+00 -1.00000000e+00
  -1.00000000e+00 -1.00000000e+00 -1.00000000e+00 -1.00000000e+00
   0.00000000e+00  0.00000000e+00 -1.00000000e+00 -1.00000000e+00
  -1.00000000e+00 -1.00000000e+00 -1.00000000e+00 -1.00000000e+00
  -1.00000000e+00 -1.00000000e+00 -1.00000000e+00 -1.00000000e+00]
 [-1.00000000e+00 -1.00000000e+00 -1.00000000e+00  0.00000000e+00
   0.00000000e+00  0.00000000e+00  0.00000000e+00 -1.00000000e+00
  -1.00000000e+00 -1.00000000e+00 -1.00000000e+00 -1.00000000e+00
   0.00000000e+00  0.00000000e+00 -1.00000000e+00 -1.00000000e+00
  -1.00000000e+00 -1.00000000e+00 -1.00000000e+00 -1.00000000e+00
   0.00000000e+00  0.00000000e+00  0.00000000e+00 -1.00000000e+00]
 [-1.00000000e+00 -1.00000000e+00 -1.00000000e+00  0.00000000e+00
   0.00000000e+00  0.00000000e+00  0.00000000e+00 -1.00000000e+00
  -1.00000000e+00 -1.00000000e+00 -1.00000000e+00 -1.00000000e+00
   0.00000000e+00  0.00000000e+00 -1.00000000e+00 -1.00000000e+00
  -1.00000000e+00 -1.00000000e+00 -1.00000000e+00 -1.00000000e+00
   0.00000000e+00  0.00000000e+00  0.00000000e+00 -1.00000000e+00]
 [-1.00000000e+00 -1.00000000e+00 -1.00000000e+00  0.00000000e+00
   0.00000000e+00  0.00000000e+00  0.00000000e+00  0.00000000e+00
   0.00000000e+00  0.00000000e+00  0.00000000e+00  0.00000000e+00
   0.00000000e+00  0.00000000e+00 -1.00000000e+00 -1.00000000e+00
  -1.00000000e+00 -1.00000000e+00 -1.00000000e+00 -1.00000000e+00
   0.00000000e+00  0.00000000e+00 -1.00000000e+00 -1.00000000e+00]
 [-1.00000000e+00 -1.00000000e+00 -1.00000000e+00  0.00000000e+00
   0.00000000e+00  0.00000000e+00  0.00000000e+00  0.00000000e+00
   0.00000000e+00  0.00000000e+00  0.00000000e+00  0.00000000e+00
   0.00000000e+00  0.00000000e+00 -1.00000000e+00 -1.00000000e+00
  -1.00000000e+00 -1.00000000e+00 -1.00000000e+00 -1.00000000e+00
   0.00000000e+00  0.00000000e+00 -1.00000000e+00 -1.00000000e+00]
 [-1.00000000e+00 -1.00000000e+00 -1.00000000e+00  0.00000000e+00
   0.00000000e+00  0.00000000e+00  0.00000000e+00 -1.00000000e+00
  -1.00000000e+00 -1.00000000e+00 -1.00000000e+00 -1.00000000e+00
   0.00000000e+00  0.00000000e+00 -1.00000000e+00 -1.00000000e+00
  -1.00000000e+00 -1.00000000e+00 -1.00000000e+00 -1.00000000e+00
   0.00000000e+00  0.00000000e+00 -1.00000000e+00 -1.00000000e+00]
 [-1.00000000e+00 -1.00000000e+00 -1.00000000e+00  0.00000000e+00
   0.00000000e+00  0.00000000e+00  0.00000000e+00 -1.00000000e+00
  -1.00000000e+00 -1.00000000e+00 -1.00000000e+00 -1.00000000e+00
   0.00000000e+00  0.00000000e+00 -1.00000000e+00 -1.00000000e+00
  -1.00000000e+00 -1.00000000e+00 -1.00000000e+00 -1.00000000e+00
   0.00000000e+00  0.00000000e+00 -1.00000000e+00 -1.00000000e+00]
 [-1.00000000e+00 -1.00000000e+00 -1.00000000e+00  0.00000000e+00
   0.00000000e+00  0.00000000e+00  0.00000000e+00 -1.00000000e+00
  -1.00000000e+00 -1.00000000e+00 -1.00000000e+00 -1.00000000e+00
   0.00000000e+00  0.00000000e+00 -1.00000000e+00 -1.00000000e+00
  -1.00000000e+00 -1.00000000e+00 -1.00000000e+00 -1.00000000e+00
   0.00000000e+00  0.00000000e+00 -1.00000000e+00 -1.00000000e+00]
 [-1.00000000e+00 -1.00000000e+00 -1.00000000e+00  0.00000000e+00
   0.00000000e+00  0.00000000e+00  0.00000000e+00 -1.00000000e+00
  -1.00000000e+00 -1.00000000e+00 -1.00000000e+00 -1.00000000e+00
   0.00000000e+00  0.00000000e+00 -1.00000000e+00 -1.00000000e+00
  -1.00000000e+00 -1.00000000e+00 -1.00000000e+00 -1.00000000e+00
   0.00000000e+00  0.00000000e+00 -1.00000000e+00 -1.00000000e+00]
 [-1.00000000e+00 -1.00000000e+00 -1.00000000e+00  0.00000000e+00
   0.00000000e+00  0.00000000e+00  0.00000000e+00 -1.00000000e+00
  -1.00000000e+00 -1.00000000e+00 -1.00000000e+00 -1.00000000e+00
   0.00000000e+00  0.00000000e+00  0.00000000e+00  0.00000000e+00
   0.00000000e+00  0.00000000e+00  0.00000000e+00  0.00000000e+00
   0.00000000e+00  0.00000000e+00 -1.00000000e+00 -1.00000000e+00]
 [-1.00000000e+00 -1.00000000e+00 -1.00000000e+00  0.00000000e+00
   0.00000000e+00  0.00000000e+00  0.00000000e+00 -1.00000000e+00
   0.00000000e+00  0.00000000e+00  0.00000000e+00  0.00000000e+00
   0.00000000e+00  0.00000000e+00 -1.00000000e+00 -1.00000000e+00
   0.00000000e+00  0.00000000e+00  0.00000000e+00  0.00000000e+00
   0.00000000e+00 -1.00000000e+00 -1.00000000e+00 -1.00000000e+00]
 [-1.00000000e+00 -1.00000000e+00 -1.00000000e+00  0.00000000e+00
   0.00000000e+00  0.00000000e+00  0.00000000e+00 -1.00000000e+00
   0.00000000e+00  0.00000000e+00  0.00000000e+00  0.00000000e+00
   0.00000000e+00  0.00000000e+00 -1.00000000e+00 -1.00000000e+00
   0.00000000e+00  0.00000000e+00  0.00000000e+00  0.00000000e+00
   0.00000000e+00 -1.00000000e+00 -1.00000000e+00 -1.00000000e+00]
 [-1.00000000e+00 -1.00000000e+00 -1.00000000e+00  0.00000000e+00
   0.00000000e+00  0.00000000e+00  0.00000000e+00 -1.00000000e+00
   0.00000000e+00  0.00000000e+00  0.00000000e+00  0.00000000e+00
   0.00000000e+00  0.00000000e+00 -1.00000000e+00 -1.00000000e+00
   0.00000000e+00  0.00000000e+00  0.00000000e+00  0.00000000e+00
   0.00000000e+00 -1.00000000e+00 -1.00000000e+00 -1.00000000e+00]
 [-1.00000000e+00 -1.00000000e+00 -1.00000000e+00  0.00000000e+00
   0.00000000e+00  0.00000000e+00  0.00000000e+00 -1.00000000e+00
   0.00000000e+00  0.00000000e+00  0.00000000e+00  0.00000000e+00
   0.00000000e+00  0.00000000e+00  0.00000000e+00  0.00000000e+00
   0.00000000e+00  0.00000000e+00  0.00000000e+00  0.00000000e+00
   0.00000000e+00 -1.00000000e+00 -1.00000000e+00 -1.00000000e+00]
 [-1.00000000e+00 -1.00000000e+00 -1.00000000e+00  0.00000000e+00
  -1.00000000e+00 -1.00000000e+00 -1.00000000e+00 -1.00000000e+00
   0.00000000e+00  0.00000000e+00  0.00000000e+00  0.00000000e+00
   0.00000000e+00  0.00000000e+00  0.00000000e+00  0.00000000e+00
   0.00000000e+00  0.00000000e+00  0.00000000e+00  0.00000000e+00
   0.00000000e+00 -1.00000000e+00 -1.00000000e+00 -1.00000000e+00]
 [-1.00000000e+00 -1.00000000e+00 -1.00000000e+00  0.00000000e+00
  -1.00000000e+00 -1.00000000e+00 -1.00000000e+00 -1.00000000e+00
   0.00000000e+00  0.00000000e+00  0.00000000e+00  0.00000000e+00
   0.00000000e+00  0.00000000e+00  0.00000000e+00  0.00000000e+00
   0.00000000e+00  0.00000000e+00  0.00000000e+00 -1.00000000e+00
  -1.00000000e+00 -1.00000000e+00 -1.00000000e+00 -1.00000000e+00]
 [-1.00000000e+00 -1.00000000e+00 -1.00000000e+00 -1.00000000e+00
  -1.00000000e+00 -1.00000000e+00 -1.00000000e+00 -1.00000000e+00
  -1.00000000e+00 -1.00000000e+00 -1.00000000e+00 -1.00000000e+00
  -1.00000000e+00 -1.00000000e+00 -1.00000000e+00 -1.00000000e+00
  -1.00000000e+00 -1.00000000e+00 -1.00000000e+00 -1.00000000e+00
  -1.00000000e+00 -1.00000000e+00 -1.00000000e+00 -1.00000000e+00]]

[[-1.00000000e+00 -1.00000000e+00 -1.00000000e+00 -1.00000000e+00
  -1.00000000e+00 -1.00000000e+00 -1.00000000e+00 -1.00000000e+00
  -1.00000000e+00 -1.00000000e+00 -1.00000000e+00 -1.00000000e+00
  -1.00000000e+00 -1.00000000e+00 -1.00000000e+00 -1.00000000e+00
  -1.00000000e+00 -1.00000000e+00 -1.00000000e+00 -1.00000000e+00
  -1.00000000e+00 -1.00000000e+00 -1.00000000e+00 -1.00000000e+00]
 [-1.00000000e+00  2.55253870e-03  1.25318555e-03  7.25141644e-02
   3.73810676e-02  5.21433014e-01  2.85740805e-01 -1.00000000e+00
  -1.00000000e+00 -1.00000000e+00  0.00000000e+00  0.00000000e+00
   0.00000000e+00  0.00000000e+00 -1.00000000e+00 -1.00000000e+00
  -1.00000000e+00 -1.00000000e+00 -1.00000000e+00 -1.00000000e+00
  -1.00000000e+00 -1.00000000e+00 -1.00000000e+00 -1.00000000e+00]
 [-1.00000000e+00 -1.00000000e+00 -1.00000000e+00 -1.00000000e+00
  -1.00000000e+00  1.32385754e-02  6.43783853e-02 -1.00000000e+00
  -1.00000000e+00 -1.00000000e+00  0.00000000e+00  0.00000000e+00
   0.00000000e+00  0.00000000e+00 -1.00000000e+00 -1.00000000e+00
  -1.00000000e+00 -1.00000000e+00 -1.00000000e+00 -1.00000000e+00
  -1.00000000e+00 -1.00000000e+00 -1.00000000e+00 -1.00000000e+00]
 [-1.00000000e+00 -1.00000000e+00 -1.00000000e+00 -1.00000000e+00
  -1.00000000e+00  2.20215182e-04  1.28804840e-03 -1.00000000e+00
  -1.00000000e+00 -1.00000000e+00  0.00000000e+00  0.00000000e+00
   0.00000000e+00  0.00000000e+00 -1.00000000e+00 -1.00000000e+00
  -1.00000000e+00 -1.00000000e+00 -1.00000000e+00 -1.00000000e+00
  -1.00000000e+00 -1.00000000e+00 -1.00000000e+00 -1.00000000e+00]
 [-1.00000000e+00 -1.00000000e+00 -1.00000000e+00 -1.00000000e+00
  -1.00000000e+00  0.00000000e+00  0.00000000e+00 -1.00000000e+00
  -1.00000000e+00 -1.00000000e+00 -1.00000000e+00 -1.00000000e+00
   0.00000000e+00  0.00000000e+00 -1.00000000e+00 -1.00000000e+00
  -1.00000000e+00 -1.00000000e+00 -1.00000000e+00 -1.00000000e+00
  -1.00000000e+00 -1.00000000e+00 -1.00000000e+00 -1.00000000e+00]
 [-1.00000000e+00 -1.00000000e+00 -1.00000000e+00 -1.00000000e+00
  -1.00000000e+00  0.00000000e+00  0.00000000e+00 -1.00000000e+00
  -1.00000000e+00 -1.00000000e+00 -1.00000000e+00 -1.00000000e+00
   0.00000000e+00  0.00000000e+00 -1.00000000e+00 -1.00000000e+00
  -1.00000000e+00 -1.00000000e+00 -1.00000000e+00 -1.00000000e+00
  -1.00000000e+00 -1.00000000e+00 -1.00000000e+00 -1.00000000e+00]
 [-1.00000000e+00 -1.00000000e+00 -1.00000000e+00  0.00000000e+00
   0.00000000e+00  0.00000000e+00  0.00000000e+00 -1.00000000e+00
  -1.00000000e+00 -1.00000000e+00 -1.00000000e+00 -1.00000000e+00
   0.00000000e+00  0.00000000e+00 -1.00000000e+00 -1.00000000e+00
  -1.00000000e+00 -1.00000000e+00 -1.00000000e+00 -1.00000000e+00
  -1.00000000e+00 -1.00000000e+00 -1.00000000e+00 -1.00000000e+00]
 [-1.00000000e+00 -1.00000000e+00 -1.00000000e+00  0.00000000e+00
   0.00000000e+00  0.00000000e+00  0.00000000e+00 -1.00000000e+00
  -1.00000000e+00 -1.00000000e+00 -1.00000000e+00 -1.00000000e+00
   0.00000000e+00  0.00000000e+00 -1.00000000e+00 -1.00000000e+00
  -1.00000000e+00 -1.00000000e+00 -1.00000000e+00 -1.00000000e+00
   0.00000000e+00  0.00000000e+00  0.00000000e+00 -1.00000000e+00]
 [-1.00000000e+00 -1.00000000e+00 -1.00000000e+00  0.00000000e+00
   0.00000000e+00  0.00000000e+00  0.00000000e+00 -1.00000000e+00
  -1.00000000e+00 -1.00000000e+00 -1.00000000e+00 -1.00000000e+00
   0.00000000e+00  0.00000000e+00 -1.00000000e+00 -1.00000000e+00
  -1.00000000e+00 -1.00000000e+00 -1.00000000e+00 -1.00000000e+00
   0.00000000e+00  0.00000000e+00  0.00000000e+00 -1.00000000e+00]
 [-1.00000000e+00 -1.00000000e+00 -1.00000000e+00  0.00000000e+00
   0.00000000e+00  0.00000000e+00  0.00000000e+00  0.00000000e+00
   0.00000000e+00  0.00000000e+00  0.00000000e+00  0.00000000e+00
   0.00000000e+00  0.00000000e+00 -1.00000000e+00 -1.00000000e+00
  -1.00000000e+00 -1.00000000e+00 -1.00000000e+00 -1.00000000e+00
   0.00000000e+00  0.00000000e+00 -1.00000000e+00 -1.00000000e+00]
 [-1.00000000e+00 -1.00000000e+00 -1.00000000e+00  0.00000000e+00
   0.00000000e+00  0.00000000e+00  0.00000000e+00  0.00000000e+00
   0.00000000e+00  0.00000000e+00  0.00000000e+00  0.00000000e+00
   0.00000000e+00  0.00000000e+00 -1.00000000e+00 -1.00000000e+00
  -1.00000000e+00 -1.00000000e+00 -1.00000000e+00 -1.00000000e+00
   0.00000000e+00  0.00000000e+00 -1.00000000e+00 -1.00000000e+00]
 [-1.00000000e+00 -1.00000000e+00 -1.00000000e+00  0.00000000e+00
   0.00000000e+00  0.00000000e+00  0.00000000e+00 -1.00000000e+00
  -1.00000000e+00 -1.00000000e+00 -1.00000000e+00 -1.00000000e+00
   0.00000000e+00  0.00000000e+00 -1.00000000e+00 -1.00000000e+00
  -1.00000000e+00 -1.00000000e+00 -1.00000000e+00 -1.00000000e+00
   0.00000000e+00  0.00000000e+00 -1.00000000e+00 -1.00000000e+00]
 [-1.00000000e+00 -1.00000000e+00 -1.00000000e+00  0.00000000e+00
   0.00000000e+00  0.00000000e+00  0.00000000e+00 -1.00000000e+00
  -1.00000000e+00 -1.00000000e+00 -1.00000000e+00 -1.00000000e+00
   0.00000000e+00  0.00000000e+00 -1.00000000e+00 -1.00000000e+00
  -1.00000000e+00 -1.00000000e+00 -1.00000000e+00 -1.00000000e+00
   0.00000000e+00  0.00000000e+00 -1.00000000e+00 -1.00000000e+00]
 [-1.00000000e+00 -1.00000000e+00 -1.00000000e+00  0.00000000e+00
   0.00000000e+00  0.00000000e+00  0.00000000e+00 -1.00000000e+00
  -1.00000000e+00 -1.00000000e+00 -1.00000000e+00 -1.00000000e+00
   0.00000000e+00  0.00000000e+00 -1.00000000e+00 -1.00000000e+00
  -1.00000000e+00 -1.00000000e+00 -1.00000000e+00 -1.00000000e+00
   0.00000000e+00  0.00000000e+00 -1.00000000e+00 -1.00000000e+00]
 [-1.00000000e+00 -1.00000000e+00 -1.00000000e+00  0.00000000e+00
   0.00000000e+00  0.00000000e+00  0.00000000e+00 -1.00000000e+00
  -1.00000000e+00 -1.00000000e+00 -1.00000000e+00 -1.00000000e+00
   0.00000000e+00  0.00000000e+00 -1.00000000e+00 -1.00000000e+00
  -1.00000000e+00 -1.00000000e+00 -1.00000000e+00 -1.00000000e+00
   0.00000000e+00  0.00000000e+00 -1.00000000e+00 -1.00000000e+00]
 [-1.00000000e+00 -1.00000000e+00 -1.00000000e+00  0.00000000e+00
   0.00000000e+00  0.00000000e+00  0.00000000e+00 -1.00000000e+00
  -1.00000000e+00 -1.00000000e+00 -1.00000000e+00 -1.00000000e+00
   0.00000000e+00  0.00000000e+00  0.00000000e+00  0.00000000e+00
   0.00000000e+00  0.00000000e+00  0.00000000e+00  0.00000000e+00
   0.00000000e+00  0.00000000e+00 -1.00000000e+00 -1.00000000e+00]
 [-1.00000000e+00 -1.00000000e+00 -1.00000000e+00  0.00000000e+00
   0.00000000e+00  0.00000000e+00  0.00000000e+00 -1.00000000e+00
   0.00000000e+00  0.00000000e+00  0.00000000e+00  0.00000000e+00
   0.00000000e+00  0.00000000e+00 -1.00000000e+00 -1.00000000e+00
   0.00000000e+00  0.00000000e+00  0.00000000e+00  0.00000000e+00
   0.00000000e+00 -1.00000000e+00 -1.00000000e+00 -1.00000000e+00]
 [-1.00000000e+00 -1.00000000e+00 -1.00000000e+00  0.00000000e+00
   0.00000000e+00  0.00000000e+00  0.00000000e+00 -1.00000000e+00
   0.00000000e+00  0.00000000e+00  0.00000000e+00  0.00000000e+00
   0.00000000e+00  0.00000000e+00 -1.00000000e+00 -1.00000000e+00
   0.00000000e+00  0.00000000e+00  0.00000000e+00  0.00000000e+00
   0.00000000e+00 -1.00000000e+00 -1.00000000e+00 -1.00000000e+00]
 [-1.00000000e+00 -1.00000000e+00 -1.00000000e+00  0.00000000e+00
   0.00000000e+00  0.00000000e+00  0.00000000e+00 -1.00000000e+00
   0.00000000e+00  0.00000000e+00  0.00000000e+00  0.00000000e+00
   0.00000000e+00  0.00000000e+00 -1.00000000e+00 -1.00000000e+00
   0.00000000e+00  0.00000000e+00  0.00000000e+00  0.00000000e+00
   0.00000000e+00 -1.00000000e+00 -1.00000000e+00 -1.00000000e+00]
 [-1.00000000e+00 -1.00000000e+00 -1.00000000e+00  0.00000000e+00
   0.00000000e+00  0.00000000e+00  0.00000000e+00 -1.00000000e+00
   0.00000000e+00  0.00000000e+00  0.00000000e+00  0.00000000e+00
   0.00000000e+00  0.00000000e+00  0.00000000e+00  0.00000000e+00
   0.00000000e+00  0.00000000e+00  0.00000000e+00  0.00000000e+00
   0.00000000e+00 -1.00000000e+00 -1.00000000e+00 -1.00000000e+00]
 [-1.00000000e+00 -1.00000000e+00 -1.00000000e+00  0.00000000e+00
  -1.00000000e+00 -1.00000000e+00 -1.00000000e+00 -1.00000000e+00
   0.00000000e+00  0.00000000e+00  0.00000000e+00  0.00000000e+00
   0.00000000e+00  0.00000000e+00  0.00000000e+00  0.00000000e+00
   0.00000000e+00  0.00000000e+00  0.00000000e+00  0.00000000e+00
   0.00000000e+00 -1.00000000e+00 -1.00000000e+00 -1.00000000e+00]
 [-1.00000000e+00 -1.00000000e+00 -1.00000000e+00  0.00000000e+00
  -1.00000000e+00 -1.00000000e+00 -1.00000000e+00 -1.00000000e+00
   0.00000000e+00  0.00000000e+00  0.00000000e+00  0.00000000e+00
   0.00000000e+00  0.00000000e+00  0.00000000e+00  0.00000000e+00
   0.00000000e+00  0.00000000e+00  0.00000000e+00 -1.00000000e+00
  -1.00000000e+00 -1.00000000e+00 -1.00000000e+00 -1.00000000e+00]
 [-1.00000000e+00 -1.00000000e+00 -1.00000000e+00 -1.00000000e+00
  -1.00000000e+00 -1.00000000e+00 -1.00000000e+00 -1.00000000e+00
  -1.00000000e+00 -1.00000000e+00 -1.00000000e+00 -1.00000000e+00
  -1.00000000e+00 -1.00000000e+00 -1.00000000e+00 -1.00000000e+00
  -1.00000000e+00 -1.00000000e+00 -1.00000000e+00 -1.00000000e+00
  -1.00000000e+00 -1.00000000e+00 -1.00000000e+00 -1.00000000e+00]]

[[-1.00000000e+00 -1.00000000e+00 -1.00000000e+00 -1.00000000e+00
  -1.00000000e+00 -1.00000000e+00 -1.00000000e+00 -1.00000000e+00
  -1.00000000e+00 -1.00000000e+00 -1.00000000e+00 -1.00000000e+00
  -1.00000000e+00 -1.00000000e+00 -1.00000000e+00 -1.00000000e+00
  -1.00000000e+00 -1.00000000e+00 -1.00000000e+00 -1.00000000e+00
  -1.00000000e+00 -1.00000000e+00 -1.00000000e+00 -1.00000000e+00]
 [-1.00000000e+00  5.32603860e-04  3.29881778e-02  1.64195576e-02
   5.29794230e-02  3.42904765e-02  2.30729302e-02 -1.00000000e+00
  -1.00000000e+00 -1.00000000e+00  0.00000000e+00  0.00000000e+00
   0.00000000e+00  0.00000000e+00 -1.00000000e+00 -1.00000000e+00
  -1.00000000e+00 -1.00000000e+00 -1.00000000e+00 -1.00000000e+00
  -1.00000000e+00 -1.00000000e+00 -1.00000000e+00 -1.00000000e+00]
 [-1.00000000e+00 -1.00000000e+00 -1.00000000e+00 -1.00000000e+00
  -1.00000000e+00  4.07144648e-01  2.28525421e-01 -1.00000000e+00
  -1.00000000e+00 -1.00000000e+00  0.00000000e+00  0.00000000e+00
   0.00000000e+00  0.00000000e+00 -1.00000000e+00 -1.00000000e+00
  -1.00000000e+00 -1.00000000e+00 -1.00000000e+00 -1.00000000e+00
  -1.00000000e+00 -1.00000000e+00 -1.00000000e+00 -1.00000000e+00]
 [-1.00000000e+00 -1.00000000e+00 -1.00000000e+00 -1.00000000e+00
  -1.00000000e+00  6.66542857e-02  8.19432431e-02 -1.00000000e+00
  -1.00000000e+00 -1.00000000e+00  0.00000000e+00  0.00000000e+00
   0.00000000e+00  0.00000000e+00 -1.00000000e+00 -1.00000000e+00
  -1.00000000e+00 -1.00000000e+00 -1.00000000e+00 -1.00000000e+00
  -1.00000000e+00 -1.00000000e+00 -1.00000000e+00 -1.00000000e+00]
 [-1.00000000e+00 -1.00000000e+00 -1.00000000e+00 -1.00000000e+00
  -1.00000000e+00  2.85480900e-02  2.28415101e-02 -1.00000000e+00
  -1.00000000e+00 -1.00000000e+00 -1.00000000e+00 -1.00000000e+00
   0.00000000e+00  0.00000000e+00 -1.00000000e+00 -1.00000000e+00
  -1.00000000e+00 -1.00000000e+00 -1.00000000e+00 -1.00000000e+00
  -1.00000000e+00 -1.00000000e+00 -1.00000000e+00 -1.00000000e+00]
 [-1.00000000e+00 -1.00000000e+00 -1.00000000e+00 -1.00000000e+00
  -1.00000000e+00  6.96338365e-04  3.36329475e-03 -1.00000000e+00
  -1.00000000e+00 -1.00000000e+00 -1.00000000e+00 -1.00000000e+00
   0.00000000e+00  0.00000000e+00 -1.00000000e+00 -1.00000000e+00
  -1.00000000e+00 -1.00000000e+00 -1.00000000e+00 -1.00000000e+00
  -1.00000000e+00 -1.00000000e+00 -1.00000000e+00 -1.00000000e+00]
 [-1.00000000e+00 -1.00000000e+00 -1.00000000e+00  0.00000000e+00
   0.00000000e+00  0.00000000e+00  0.00000000e+00 -1.00000000e+00
  -1.00000000e+00 -1.00000000e+00 -1.00000000e+00 -1.00000000e+00
   0.00000000e+00  0.00000000e+00 -1.00000000e+00 -1.00000000e+00
  -1.00000000e+00 -1.00000000e+00 -1.00000000e+00 -1.00000000e+00
  -1.00000000e+00 -1.00000000e+00 -1.00000000e+00 -1.00000000e+00]
 [-1.00000000e+00 -1.00000000e+00 -1.00000000e+00  0.00000000e+00
   0.00000000e+00  0.00000000e+00  0.00000000e+00 -1.00000000e+00
  -1.00000000e+00 -1.00000000e+00 -1.00000000e+00 -1.00000000e+00
   0.00000000e+00  0.00000000e+00 -1.00000000e+00 -1.00000000e+00
  -1.00000000e+00 -1.00000000e+00 -1.00000000e+00 -1.00000000e+00
   0.00000000e+00  0.00000000e+00  0.00000000e+00 -1.00000000e+00]
 [-1.00000000e+00 -1.00000000e+00 -1.00000000e+00  0.00000000e+00
   0.00000000e+00  0.00000000e+00  0.00000000e+00 -1.00000000e+00
  -1.00000000e+00 -1.00000000e+00 -1.00000000e+00 -1.00000000e+00
   0.00000000e+00  0.00000000e+00 -1.00000000e+00 -1.00000000e+00
  -1.00000000e+00 -1.00000000e+00 -1.00000000e+00 -1.00000000e+00
   0.00000000e+00  0.00000000e+00  0.00000000e+00 -1.00000000e+00]
 [-1.00000000e+00 -1.00000000e+00 -1.00000000e+00  0.00000000e+00
   0.00000000e+00  0.00000000e+00  0.00000000e+00  0.00000000e+00
   0.00000000e+00  0.00000000e+00  0.00000000e+00  0.00000000e+00
   0.00000000e+00  0.00000000e+00 -1.00000000e+00 -1.00000000e+00
  -1.00000000e+00 -1.00000000e+00 -1.00000000e+00 -1.00000000e+00
   0.00000000e+00  0.00000000e+00 -1.00000000e+00 -1.00000000e+00]
 [-1.00000000e+00 -1.00000000e+00 -1.00000000e+00  0.00000000e+00
   0.00000000e+00  0.00000000e+00  0.00000000e+00  0.00000000e+00
   0.00000000e+00  0.00000000e+00  0.00000000e+00  0.00000000e+00
   0.00000000e+00  0.00000000e+00 -1.00000000e+00 -1.00000000e+00
  -1.00000000e+00 -1.00000000e+00 -1.00000000e+00 -1.00000000e+00
   0.00000000e+00  0.00000000e+00 -1.00000000e+00 -1.00000000e+00]
 [-1.00000000e+00 -1.00000000e+00 -1.00000000e+00  0.00000000e+00
   0.00000000e+00  0.00000000e+00  0.00000000e+00 -1.00000000e+00
  -1.00000000e+00 -1.00000000e+00 -1.00000000e+00 -1.00000000e+00
   0.00000000e+00  0.00000000e+00 -1.00000000e+00 -1.00000000e+00
  -1.00000000e+00 -1.00000000e+00 -1.00000000e+00 -1.00000000e+00
   0.00000000e+00  0.00000000e+00 -1.00000000e+00 -1.00000000e+00]
 [-1.00000000e+00 -1.00000000e+00 -1.00000000e+00  0.00000000e+00
   0.00000000e+00  0.00000000e+00  0.00000000e+00 -1.00000000e+00
  -1.00000000e+00 -1.00000000e+00 -1.00000000e+00 -1.00000000e+00
   0.00000000e+00  0.00000000e+00 -1.00000000e+00 -1.00000000e+00
  -1.00000000e+00 -1.00000000e+00 -1.00000000e+00 -1.00000000e+00
   0.00000000e+00  0.00000000e+00 -1.00000000e+00 -1.00000000e+00]
 [-1.00000000e+00 -1.00000000e+00 -1.00000000e+00  0.00000000e+00
   0.00000000e+00  0.00000000e+00  0.00000000e+00 -1.00000000e+00
  -1.00000000e+00 -1.00000000e+00 -1.00000000e+00 -1.00000000e+00
   0.00000000e+00  0.00000000e+00 -1.00000000e+00 -1.00000000e+00
  -1.00000000e+00 -1.00000000e+00 -1.00000000e+00 -1.00000000e+00
   0.00000000e+00  0.00000000e+00 -1.00000000e+00 -1.00000000e+00]
 [-1.00000000e+00 -1.00000000e+00 -1.00000000e+00  0.00000000e+00
   0.00000000e+00  0.00000000e+00  0.00000000e+00 -1.00000000e+00
  -1.00000000e+00 -1.00000000e+00 -1.00000000e+00 -1.00000000e+00
   0.00000000e+00  0.00000000e+00 -1.00000000e+00 -1.00000000e+00
  -1.00000000e+00 -1.00000000e+00 -1.00000000e+00 -1.00000000e+00
   0.00000000e+00  0.00000000e+00 -1.00000000e+00 -1.00000000e+00]
 [-1.00000000e+00 -1.00000000e+00 -1.00000000e+00  0.00000000e+00
   0.00000000e+00  0.00000000e+00  0.00000000e+00 -1.00000000e+00
  -1.00000000e+00 -1.00000000e+00 -1.00000000e+00 -1.00000000e+00
   0.00000000e+00  0.00000000e+00  0.00000000e+00  0.00000000e+00
   0.00000000e+00  0.00000000e+00  0.00000000e+00  0.00000000e+00
   0.00000000e+00  0.00000000e+00 -1.00000000e+00 -1.00000000e+00]
 [-1.00000000e+00 -1.00000000e+00 -1.00000000e+00  0.00000000e+00
   0.00000000e+00  0.00000000e+00  0.00000000e+00 -1.00000000e+00
   0.00000000e+00  0.00000000e+00  0.00000000e+00  0.00000000e+00
   0.00000000e+00  0.00000000e+00 -1.00000000e+00 -1.00000000e+00
   0.00000000e+00  0.00000000e+00  0.00000000e+00  0.00000000e+00
   0.00000000e+00 -1.00000000e+00 -1.00000000e+00 -1.00000000e+00]
 [-1.00000000e+00 -1.00000000e+00 -1.00000000e+00  0.00000000e+00
   0.00000000e+00  0.00000000e+00  0.00000000e+00 -1.00000000e+00
   0.00000000e+00  0.00000000e+00  0.00000000e+00  0.00000000e+00
   0.00000000e+00  0.00000000e+00 -1.00000000e+00 -1.00000000e+00
   0.00000000e+00  0.00000000e+00  0.00000000e+00  0.00000000e+00
   0.00000000e+00 -1.00000000e+00 -1.00000000e+00 -1.00000000e+00]
 [-1.00000000e+00 -1.00000000e+00 -1.00000000e+00  0.00000000e+00
   0.00000000e+00  0.00000000e+00  0.00000000e+00 -1.00000000e+00
   0.00000000e+00  0.00000000e+00  0.00000000e+00  0.00000000e+00
   0.00000000e+00  0.00000000e+00 -1.00000000e+00 -1.00000000e+00
   0.00000000e+00  0.00000000e+00  0.00000000e+00  0.00000000e+00
   0.00000000e+00 -1.00000000e+00 -1.00000000e+00 -1.00000000e+00]
 [-1.00000000e+00 -1.00000000e+00 -1.00000000e+00  0.00000000e+00
   0.00000000e+00  0.00000000e+00  0.00000000e+00 -1.00000000e+00
   0.00000000e+00  0.00000000e+00  0.00000000e+00  0.00000000e+00
   0.00000000e+00  0.00000000e+00  0.00000000e+00  0.00000000e+00
   0.00000000e+00  0.00000000e+00  0.00000000e+00  0.00000000e+00
   0.00000000e+00 -1.00000000e+00 -1.00000000e+00 -1.00000000e+00]
 [-1.00000000e+00 -1.00000000e+00 -1.00000000e+00  0.00000000e+00
  -1.00000000e+00 -1.00000000e+00 -1.00000000e+00 -1.00000000e+00
   0.00000000e+00  0.00000000e+00  0.00000000e+00  0.00000000e+00
   0.00000000e+00  0.00000000e+00  0.00000000e+00  0.00000000e+00
   0.00000000e+00  0.00000000e+00  0.00000000e+00  0.00000000e+00
   0.00000000e+00 -1.00000000e+00 -1.00000000e+00 -1.00000000e+00]
 [-1.00000000e+00 -1.00000000e+00 -1.00000000e+00  0.00000000e+00
  -1.00000000e+00 -1.00000000e+00 -1.00000000e+00 -1.00000000e+00
   0.00000000e+00  0.00000000e+00  0.00000000e+00  0.00000000e+00
   0.00000000e+00  0.00000000e+00  0.00000000e+00  0.00000000e+00
   0.00000000e+00  0.00000000e+00  0.00000000e+00 -1.00000000e+00
  -1.00000000e+00 -1.00000000e+00 -1.00000000e+00 -1.00000000e+00]
 [-1.00000000e+00 -1.00000000e+00 -1.00000000e+00 -1.00000000e+00
  -1.00000000e+00 -1.00000000e+00 -1.00000000e+00 -1.00000000e+00
  -1.00000000e+00 -1.00000000e+00 -1.00000000e+00 -1.00000000e+00
  -1.00000000e+00 -1.00000000e+00 -1.00000000e+00 -1.00000000e+00
  -1.00000000e+00 -1.00000000e+00 -1.00000000e+00 -1.00000000e+00
  -1.00000000e+00 -1.00000000e+00 -1.00000000e+00 -1.00000000e+00]]

[[-1.         -1.         -1.         -1.         -1.         -1.
  -1.         -1.         -1.         -1.         -1.         -1.
  -1.         -1.         -1.         -1.         -1.         -1.
  -1.         -1.         -1.         -1.         -1.         -1.        ]
 [-1.          0.01401998  0.00743103  0.03653623  0.00843566  0.02975504
   0.00469479 -1.         -1.         -1.          0.          0.
   0.          0.         -1.         -1.         -1.         -1.
  -1.         -1.         -1.         -1.         -1.         -1.        ]
 [-1.         -1.         -1.         -1.         -1.          0.04396206
   0.04237348 -1.         -1.         -1.          0.          0.
   0.          0.         -1.         -1.         -1.         -1.
  -1.         -1.         -1.         -1.         -1.         -1.        ]
 [-1.         -1.         -1.         -1.         -1.          0.3293721
   0.18762253 -1.         -1.         -1.          0.          0.
   0.          0.         -1.         -1.         -1.         -1.
  -1.         -1.         -1.         -1.         -1.         -1.        ]
 [-1.         -1.         -1.         -1.         -1.          0.09737155
   0.09172679 -1.         -1.         -1.         -1.         -1.
   0.          0.         -1.         -1.         -1.         -1.
  -1.         -1.         -1.         -1.         -1.         -1.        ]
 [-1.         -1.         -1.         -1.         -1.          0.05007056
   0.0380236  -1.         -1.         -1.         -1.         -1.
   0.          0.         -1.         -1.         -1.         -1.
  -1.         -1.         -1.         -1.         -1.         -1.        ]
 [-1.         -1.         -1.          0.          0.          0.00686622
   0.00914267 -1.         -1.         -1.         -1.         -1.
   0.          0.         -1.         -1.         -1.         -1.
  -1.         -1.         -1.         -1.         -1.         -1.        ]
 [-1.         -1.         -1.          0.          0.          0.00144603
   0.00114969 -1.         -1.         -1.         -1.         -1.
   0.          0.         -1.         -1.         -1.         -1.
  -1.         -1.          0.          0.          0.         -1.        ]
 [-1.         -1.         -1.          0.          0.          0.
   0.         -1.         -1.         -1.         -1.         -1.
   0.          0.         -1.         -1.         -1.         -1.
  -1.         -1.          0.          0.          0.         -1.        ]
 [-1.         -1.         -1.          0.          0.          0.
   0.          0.          0.          0.          0.          0.
   0.          0.         -1.         -1.         -1.         -1.
  -1.         -1.          0.          0.         -1.         -1.        ]
 [-1.         -1.         -1.          0.          0.          0.
   0.          0.          0.          0.          0.          0.
   0.          0.         -1.         -1.         -1.         -1.
  -1.         -1.          0.          0.         -1.         -1.        ]
 [-1.         -1.         -1.          0.          0.          0.
   0.         -1.         -1.         -1.         -1.         -1.
   0.          0.         -1.         -1.         -1.         -1.
  -1.         -1.          0.          0.         -1.         -1.        ]
 [-1.         -1.         -1.          0.          0.          0.
   0.         -1.         -1.         -1.         -1.         -1.
   0.          0.         -1.         -1.         -1.         -1.
  -1.         -1.          0.          0.         -1.         -1.        ]
 [-1.         -1.         -1.          0.          0.          0.
   0.         -1.         -1.         -1.         -1.         -1.
   0.          0.         -1.         -1.         -1.         -1.
  -1.         -1.          0.          0.         -1.         -1.        ]
 [-1.         -1.         -1.          0.          0.          0.
   0.         -1.         -1.         -1.         -1.         -1.
   0.          0.         -1.         -1.         -1.         -1.
  -1.         -1.          0.          0.         -1.         -1.        ]
 [-1.         -1.         -1.          0.          0.          0.
   0.         -1.         -1.         -1.         -1.         -1.
   0.          0.          0.          0.          0.          0.
   0.          0.          0.          0.         -1.         -1.        ]
 [-1.         -1.         -1.          0.          0.          0.
   0.         -1.          0.          0.          0.          0.
   0.          0.         -1.         -1.          0.          0.
   0.          0.          0.         -1.         -1.         -1.        ]
 [-1.         -1.         -1.          0.          0.          0.
   0.         -1.          0.          0.          0.          0.
   0.          0.         -1.         -1.          0.          0.
   0.          0.          0.         -1.         -1.         -1.        ]
 [-1.         -1.         -1.          0.          0.          0.
   0.         -1.          0.          0.          0.          0.
   0.          0.         -1.         -1.          0.          0.
   0.          0.          0.         -1.         -1.         -1.        ]
 [-1.         -1.         -1.          0.          0.          0.
   0.         -1.          0.          0.          0.          0.
   0.          0.          0.          0.          0.          0.
   0.          0.          0.         -1.         -1.         -1.        ]
 [-1.         -1.         -1.          0.         -1.         -1.
  -1.         -1.          0.          0.          0.          0.
   0.          0.          0.          0.          0.          0.
   0.          0.          0.         -1.         -1.         -1.        ]
 [-1.         -1.         -1.          0.         -1.         -1.
  -1.         -1.          0.          0.          0.          0.
   0.          0.          0.          0.          0.          0.
   0.         -1.         -1.         -1.         -1.         -1.        ]
 [-1.         -1.         -1.         -1.         -1.         -1.
  -1.         -1.         -1.         -1.         -1.         -1.
  -1.         -1.         -1.         -1.         -1.         -1.
  -1.         -1.         -1.         -1.         -1.         -1.        ]]

[[-1.00000000e+00 -1.00000000e+00 -1.00000000e+00 -1.00000000e+00
  -1.00000000e+00 -1.00000000e+00 -1.00000000e+00 -1.00000000e+00
  -1.00000000e+00 -1.00000000e+00 -1.00000000e+00 -1.00000000e+00
  -1.00000000e+00 -1.00000000e+00 -1.00000000e+00 -1.00000000e+00
  -1.00000000e+00 -1.00000000e+00 -1.00000000e+00 -1.00000000e+00
  -1.00000000e+00 -1.00000000e+00 -1.00000000e+00 -1.00000000e+00]
 [-1.00000000e+00  3.15818574e-03  2.74448771e-02  6.74334006e-03
   1.67924869e-02  4.50724292e-03  1.86488008e-03 -1.00000000e+00
  -1.00000000e+00 -1.00000000e+00  0.00000000e+00  0.00000000e+00
   0.00000000e+00  0.00000000e+00 -1.00000000e+00 -1.00000000e+00
  -1.00000000e+00 -1.00000000e+00 -1.00000000e+00 -1.00000000e+00
  -1.00000000e+00 -1.00000000e+00 -1.00000000e+00 -1.00000000e+00]
 [-1.00000000e+00 -1.00000000e+00 -1.00000000e+00 -1.00000000e+00
  -1.00000000e+00  2.98298719e-02  8.84044675e-03 -1.00000000e+00
  -1.00000000e+00 -1.00000000e+00  0.00000000e+00  0.00000000e+00
   0.00000000e+00  0.00000000e+00 -1.00000000e+00 -1.00000000e+00
  -1.00000000e+00 -1.00000000e+00 -1.00000000e+00 -1.00000000e+00
  -1.00000000e+00 -1.00000000e+00 -1.00000000e+00 -1.00000000e+00]
 [-1.00000000e+00 -1.00000000e+00 -1.00000000e+00 -1.00000000e+00
  -1.00000000e+00  5.01159939e-02  5.41211347e-02 -1.00000000e+00
  -1.00000000e+00 -1.00000000e+00  0.00000000e+00  0.00000000e+00
   0.00000000e+00  0.00000000e+00 -1.00000000e+00 -1.00000000e+00
  -1.00000000e+00 -1.00000000e+00 -1.00000000e+00 -1.00000000e+00
  -1.00000000e+00 -1.00000000e+00 -1.00000000e+00 -1.00000000e+00]
 [-1.00000000e+00 -1.00000000e+00 -1.00000000e+00 -1.00000000e+00
  -1.00000000e+00  2.70440913e-01  1.59655608e-01 -1.00000000e+00
  -1.00000000e+00 -1.00000000e+00 -1.00000000e+00 -1.00000000e+00
   0.00000000e+00  0.00000000e+00 -1.00000000e+00 -1.00000000e+00
  -1.00000000e+00 -1.00000000e+00 -1.00000000e+00 -1.00000000e+00
  -1.00000000e+00 -1.00000000e+00 -1.00000000e+00 -1.00000000e+00]
 [-1.00000000e+00 -1.00000000e+00 -1.00000000e+00 -1.00000000e+00
  -1.00000000e+00  1.14902264e-01  9.75109518e-02 -1.00000000e+00
  -1.00000000e+00 -1.00000000e+00 -1.00000000e+00 -1.00000000e+00
   0.00000000e+00  0.00000000e+00 -1.00000000e+00 -1.00000000e+00
  -1.00000000e+00 -1.00000000e+00 -1.00000000e+00 -1.00000000e+00
  -1.00000000e+00 -1.00000000e+00 -1.00000000e+00 -1.00000000e+00]
 [-1.00000000e+00 -1.00000000e+00 -1.00000000e+00  0.00000000e+00
   2.91814340e-04  6.65500508e-02  4.93711926e-02 -1.00000000e+00
  -1.00000000e+00 -1.00000000e+00 -1.00000000e+00 -1.00000000e+00
   0.00000000e+00  0.00000000e+00 -1.00000000e+00 -1.00000000e+00
  -1.00000000e+00 -1.00000000e+00 -1.00000000e+00 -1.00000000e+00
  -1.00000000e+00 -1.00000000e+00 -1.00000000e+00 -1.00000000e+00]
 [-1.00000000e+00 -1.00000000e+00 -1.00000000e+00  0.00000000e+00
   6.14563909e-05  1.54572272e-02  1.58542154e-02 -1.00000000e+00
  -1.00000000e+00 -1.00000000e+00 -1.00000000e+00 -1.00000000e+00
   0.00000000e+00  0.00000000e+00 -1.00000000e+00 -1.00000000e+00
  -1.00000000e+00 -1.00000000e+00 -1.00000000e+00 -1.00000000e+00
   0.00000000e+00  0.00000000e+00  0.00000000e+00 -1.00000000e+00]
 [-1.00000000e+00 -1.00000000e+00 -1.00000000e+00  0.00000000e+00
   0.00000000e+00  3.65784338e-03  2.82800301e-03 -1.00000000e+00
  -1.00000000e+00 -1.00000000e+00 -1.00000000e+00 -1.00000000e+00
   0.00000000e+00  0.00000000e+00 -1.00000000e+00 -1.00000000e+00
  -1.00000000e+00 -1.00000000e+00 -1.00000000e+00 -1.00000000e+00
   0.00000000e+00  0.00000000e+00  0.00000000e+00 -1.00000000e+00]
 [-1.00000000e+00 -1.00000000e+00 -1.00000000e+00  0.00000000e+00
   0.00000000e+00  0.00000000e+00  0.00000000e+00  0.00000000e+00
   0.00000000e+00  0.00000000e+00  0.00000000e+00  0.00000000e+00
   0.00000000e+00  0.00000000e+00 -1.00000000e+00 -1.00000000e+00
  -1.00000000e+00 -1.00000000e+00 -1.00000000e+00 -1.00000000e+00
   0.00000000e+00  0.00000000e+00 -1.00000000e+00 -1.00000000e+00]
 [-1.00000000e+00 -1.00000000e+00 -1.00000000e+00  0.00000000e+00
   0.00000000e+00  0.00000000e+00  0.00000000e+00  0.00000000e+00
   0.00000000e+00  0.00000000e+00  0.00000000e+00  0.00000000e+00
   0.00000000e+00  0.00000000e+00 -1.00000000e+00 -1.00000000e+00
  -1.00000000e+00 -1.00000000e+00 -1.00000000e+00 -1.00000000e+00
   0.00000000e+00  0.00000000e+00 -1.00000000e+00 -1.00000000e+00]
 [-1.00000000e+00 -1.00000000e+00 -1.00000000e+00  0.00000000e+00
   0.00000000e+00  0.00000000e+00  0.00000000e+00 -1.00000000e+00
  -1.00000000e+00 -1.00000000e+00 -1.00000000e+00 -1.00000000e+00
   0.00000000e+00  0.00000000e+00 -1.00000000e+00 -1.00000000e+00
  -1.00000000e+00 -1.00000000e+00 -1.00000000e+00 -1.00000000e+00
   0.00000000e+00  0.00000000e+00 -1.00000000e+00 -1.00000000e+00]
 [-1.00000000e+00 -1.00000000e+00 -1.00000000e+00  0.00000000e+00
   0.00000000e+00  0.00000000e+00  0.00000000e+00 -1.00000000e+00
  -1.00000000e+00 -1.00000000e+00 -1.00000000e+00 -1.00000000e+00
   0.00000000e+00  0.00000000e+00 -1.00000000e+00 -1.00000000e+00
  -1.00000000e+00 -1.00000000e+00 -1.00000000e+00 -1.00000000e+00
   0.00000000e+00  0.00000000e+00 -1.00000000e+00 -1.00000000e+00]
 [-1.00000000e+00 -1.00000000e+00 -1.00000000e+00  0.00000000e+00
   0.00000000e+00  0.00000000e+00  0.00000000e+00 -1.00000000e+00
  -1.00000000e+00 -1.00000000e+00 -1.00000000e+00 -1.00000000e+00
   0.00000000e+00  0.00000000e+00 -1.00000000e+00 -1.00000000e+00
  -1.00000000e+00 -1.00000000e+00 -1.00000000e+00 -1.00000000e+00
   0.00000000e+00  0.00000000e+00 -1.00000000e+00 -1.00000000e+00]
 [-1.00000000e+00 -1.00000000e+00 -1.00000000e+00  0.00000000e+00
   0.00000000e+00  0.00000000e+00  0.00000000e+00 -1.00000000e+00
  -1.00000000e+00 -1.00000000e+00 -1.00000000e+00 -1.00000000e+00
   0.00000000e+00  0.00000000e+00 -1.00000000e+00 -1.00000000e+00
  -1.00000000e+00 -1.00000000e+00 -1.00000000e+00 -1.00000000e+00
   0.00000000e+00  0.00000000e+00 -1.00000000e+00 -1.00000000e+00]
 [-1.00000000e+00 -1.00000000e+00 -1.00000000e+00  0.00000000e+00
   0.00000000e+00  0.00000000e+00  0.00000000e+00 -1.00000000e+00
  -1.00000000e+00 -1.00000000e+00 -1.00000000e+00 -1.00000000e+00
   0.00000000e+00  0.00000000e+00  0.00000000e+00  0.00000000e+00
   0.00000000e+00  0.00000000e+00  0.00000000e+00  0.00000000e+00
   0.00000000e+00  0.00000000e+00 -1.00000000e+00 -1.00000000e+00]
 [-1.00000000e+00 -1.00000000e+00 -1.00000000e+00  0.00000000e+00
   0.00000000e+00  0.00000000e+00  0.00000000e+00 -1.00000000e+00
   0.00000000e+00  0.00000000e+00  0.00000000e+00  0.00000000e+00
   0.00000000e+00  0.00000000e+00 -1.00000000e+00 -1.00000000e+00
   0.00000000e+00  0.00000000e+00  0.00000000e+00  0.00000000e+00
   0.00000000e+00 -1.00000000e+00 -1.00000000e+00 -1.00000000e+00]
 [-1.00000000e+00 -1.00000000e+00 -1.00000000e+00  0.00000000e+00
   0.00000000e+00  0.00000000e+00  0.00000000e+00 -1.00000000e+00
   0.00000000e+00  0.00000000e+00  0.00000000e+00  0.00000000e+00
   0.00000000e+00  0.00000000e+00 -1.00000000e+00 -1.00000000e+00
   0.00000000e+00  0.00000000e+00  0.00000000e+00  0.00000000e+00
   0.00000000e+00 -1.00000000e+00 -1.00000000e+00 -1.00000000e+00]
 [-1.00000000e+00 -1.00000000e+00 -1.00000000e+00  0.00000000e+00
   0.00000000e+00  0.00000000e+00  0.00000000e+00 -1.00000000e+00
   0.00000000e+00  0.00000000e+00  0.00000000e+00  0.00000000e+00
   0.00000000e+00  0.00000000e+00 -1.00000000e+00 -1.00000000e+00
   0.00000000e+00  0.00000000e+00  0.00000000e+00  0.00000000e+00
   0.00000000e+00 -1.00000000e+00 -1.00000000e+00 -1.00000000e+00]
 [-1.00000000e+00 -1.00000000e+00 -1.00000000e+00  0.00000000e+00
   0.00000000e+00  0.00000000e+00  0.00000000e+00 -1.00000000e+00
   0.00000000e+00  0.00000000e+00  0.00000000e+00  0.00000000e+00
   0.00000000e+00  0.00000000e+00  0.00000000e+00  0.00000000e+00
   0.00000000e+00  0.00000000e+00  0.00000000e+00  0.00000000e+00
   0.00000000e+00 -1.00000000e+00 -1.00000000e+00 -1.00000000e+00]
 [-1.00000000e+00 -1.00000000e+00 -1.00000000e+00  0.00000000e+00
  -1.00000000e+00 -1.00000000e+00 -1.00000000e+00 -1.00000000e+00
   0.00000000e+00  0.00000000e+00  0.00000000e+00  0.00000000e+00
   0.00000000e+00  0.00000000e+00  0.00000000e+00  0.00000000e+00
   0.00000000e+00  0.00000000e+00  0.00000000e+00  0.00000000e+00
   0.00000000e+00 -1.00000000e+00 -1.00000000e+00 -1.00000000e+00]
 [-1.00000000e+00 -1.00000000e+00 -1.00000000e+00  0.00000000e+00
  -1.00000000e+00 -1.00000000e+00 -1.00000000e+00 -1.00000000e+00
   0.00000000e+00  0.00000000e+00  0.00000000e+00  0.00000000e+00
   0.00000000e+00  0.00000000e+00  0.00000000e+00  0.00000000e+00
   0.00000000e+00  0.00000000e+00  0.00000000e+00 -1.00000000e+00
  -1.00000000e+00 -1.00000000e+00 -1.00000000e+00 -1.00000000e+00]
 [-1.00000000e+00 -1.00000000e+00 -1.00000000e+00 -1.00000000e+00
  -1.00000000e+00 -1.00000000e+00 -1.00000000e+00 -1.00000000e+00
  -1.00000000e+00 -1.00000000e+00 -1.00000000e+00 -1.00000000e+00
  -1.00000000e+00 -1.00000000e+00 -1.00000000e+00 -1.00000000e+00
  -1.00000000e+00 -1.00000000e+00 -1.00000000e+00 -1.00000000e+00
  -1.00000000e+00 -1.00000000e+00 -1.00000000e+00 -1.00000000e+00]]

[[-1.00000000e+00 -1.00000000e+00 -1.00000000e+00 -1.00000000e+00
  -1.00000000e+00 -1.00000000e+00 -1.00000000e+00 -1.00000000e+00
  -1.00000000e+00 -1.00000000e+00 -1.00000000e+00 -1.00000000e+00
  -1.00000000e+00 -1.00000000e+00 -1.00000000e+00 -1.00000000e+00
  -1.00000000e+00 -1.00000000e+00 -1.00000000e+00 -1.00000000e+00
  -1.00000000e+00 -1.00000000e+00 -1.00000000e+00 -1.00000000e+00]
 [-1.00000000e+00  1.16640728e-02  5.55037740e-03  1.88008797e-02
   3.05747735e-03  7.67828291e-03  3.16797486e-04 -1.00000000e+00
  -1.00000000e+00 -1.00000000e+00  0.00000000e+00  0.00000000e+00
   0.00000000e+00  0.00000000e+00 -1.00000000e+00 -1.00000000e+00
  -1.00000000e+00 -1.00000000e+00 -1.00000000e+00 -1.00000000e+00
  -1.00000000e+00 -1.00000000e+00 -1.00000000e+00 -1.00000000e+00]
 [-1.00000000e+00 -1.00000000e+00 -1.00000000e+00 -1.00000000e+00
  -1.00000000e+00  4.65897606e-03  3.92333744e-03 -1.00000000e+00
  -1.00000000e+00 -1.00000000e+00  0.00000000e+00  0.00000000e+00
   0.00000000e+00  0.00000000e+00 -1.00000000e+00 -1.00000000e+00
  -1.00000000e+00 -1.00000000e+00 -1.00000000e+00 -1.00000000e+00
  -1.00000000e+00 -1.00000000e+00 -1.00000000e+00 -1.00000000e+00]
 [-1.00000000e+00 -1.00000000e+00 -1.00000000e+00 -1.00000000e+00
  -1.00000000e+00  3.01405524e-02  1.19898755e-02 -1.00000000e+00
  -1.00000000e+00 -1.00000000e+00  0.00000000e+00  0.00000000e+00
   0.00000000e+00  0.00000000e+00 -1.00000000e+00 -1.00000000e+00
  -1.00000000e+00 -1.00000000e+00 -1.00000000e+00 -1.00000000e+00
  -1.00000000e+00 -1.00000000e+00 -1.00000000e+00 -1.00000000e+00]
 [-1.00000000e+00 -1.00000000e+00 -1.00000000e+00 -1.00000000e+00
  -1.00000000e+00  5.35611428e-02  6.04023263e-02 -1.00000000e+00
  -1.00000000e+00 -1.00000000e+00 -1.00000000e+00 -1.00000000e+00
   0.00000000e+00  0.00000000e+00 -1.00000000e+00 -1.00000000e+00
  -1.00000000e+00 -1.00000000e+00 -1.00000000e+00 -1.00000000e+00
  -1.00000000e+00 -1.00000000e+00 -1.00000000e+00 -1.00000000e+00]
 [-1.00000000e+00 -1.00000000e+00 -1.00000000e+00 -1.00000000e+00
  -1.00000000e+00  2.24493733e-01  1.39868226e-01 -1.00000000e+00
  -1.00000000e+00 -1.00000000e+00 -1.00000000e+00 -1.00000000e+00
   0.00000000e+00  0.00000000e+00 -1.00000000e+00 -1.00000000e+00
  -1.00000000e+00 -1.00000000e+00 -1.00000000e+00 -1.00000000e+00
  -1.00000000e+00 -1.00000000e+00 -1.00000000e+00 -1.00000000e+00]
 [-1.00000000e+00 -1.00000000e+00 -1.00000000e+00  1.24021094e-05
   2.82837716e-03  1.23035752e-01  9.95347502e-02 -1.00000000e+00
  -1.00000000e+00 -1.00000000e+00 -1.00000000e+00 -1.00000000e+00
   0.00000000e+00  0.00000000e+00 -1.00000000e+00 -1.00000000e+00
  -1.00000000e+00 -1.00000000e+00 -1.00000000e+00 -1.00000000e+00
  -1.00000000e+00 -1.00000000e+00 -1.00000000e+00 -1.00000000e+00]
 [-1.00000000e+00 -1.00000000e+00 -1.00000000e+00  2.61189661e-06
   8.80170125e-04  7.73344161e-02  5.76057498e-02 -1.00000000e+00
  -1.00000000e+00 -1.00000000e+00 -1.00000000e+00 -1.00000000e+00
   0.00000000e+00  0.00000000e+00 -1.00000000e+00 -1.00000000e+00
  -1.00000000e+00 -1.00000000e+00 -1.00000000e+00 -1.00000000e+00
   0.00000000e+00  0.00000000e+00  0.00000000e+00 -1.00000000e+00]
 [-1.00000000e+00 -1.00000000e+00 -1.00000000e+00  0.00000000e+00
   2.02472483e-04  2.44599644e-02  2.25261443e-02 -1.00000000e+00
  -1.00000000e+00 -1.00000000e+00 -1.00000000e+00 -1.00000000e+00
   0.00000000e+00  0.00000000e+00 -1.00000000e+00 -1.00000000e+00
  -1.00000000e+00 -1.00000000e+00 -1.00000000e+00 -1.00000000e+00
   0.00000000e+00  0.00000000e+00  0.00000000e+00 -1.00000000e+00]
 [-1.00000000e+00 -1.00000000e+00 -1.00000000e+00  0.00000000e+00
   0.00000000e+00  7.62252733e-03  6.28934333e-03  0.00000000e+00
   0.00000000e+00  0.00000000e+00  0.00000000e+00  0.00000000e+00
   0.00000000e+00  0.00000000e+00 -1.00000000e+00 -1.00000000e+00
  -1.00000000e+00 -1.00000000e+00 -1.00000000e+00 -1.00000000e+00
   0.00000000e+00  0.00000000e+00 -1.00000000e+00 -1.00000000e+00]
 [-1.00000000e+00 -1.00000000e+00 -1.00000000e+00  0.00000000e+00
   0.00000000e+00  7.62967669e-04  7.96293843e-04  0.00000000e+00
   0.00000000e+00  0.00000000e+00  0.00000000e+00  0.00000000e+00
   0.00000000e+00  0.00000000e+00 -1.00000000e+00 -1.00000000e+00
  -1.00000000e+00 -1.00000000e+00 -1.00000000e+00 -1.00000000e+00
   0.00000000e+00  0.00000000e+00 -1.00000000e+00 -1.00000000e+00]
 [-1.00000000e+00 -1.00000000e+00 -1.00000000e+00  0.00000000e+00
   0.00000000e+00  0.00000000e+00  0.00000000e+00 -1.00000000e+00
  -1.00000000e+00 -1.00000000e+00 -1.00000000e+00 -1.00000000e+00
   0.00000000e+00  0.00000000e+00 -1.00000000e+00 -1.00000000e+00
  -1.00000000e+00 -1.00000000e+00 -1.00000000e+00 -1.00000000e+00
   0.00000000e+00  0.00000000e+00 -1.00000000e+00 -1.00000000e+00]
 [-1.00000000e+00 -1.00000000e+00 -1.00000000e+00  0.00000000e+00
   0.00000000e+00  0.00000000e+00  0.00000000e+00 -1.00000000e+00
  -1.00000000e+00 -1.00000000e+00 -1.00000000e+00 -1.00000000e+00
   0.00000000e+00  0.00000000e+00 -1.00000000e+00 -1.00000000e+00
  -1.00000000e+00 -1.00000000e+00 -1.00000000e+00 -1.00000000e+00
   0.00000000e+00  0.00000000e+00 -1.00000000e+00 -1.00000000e+00]
 [-1.00000000e+00 -1.00000000e+00 -1.00000000e+00  0.00000000e+00
   0.00000000e+00  0.00000000e+00  0.00000000e+00 -1.00000000e+00
  -1.00000000e+00 -1.00000000e+00 -1.00000000e+00 -1.00000000e+00
   0.00000000e+00  0.00000000e+00 -1.00000000e+00 -1.00000000e+00
  -1.00000000e+00 -1.00000000e+00 -1.00000000e+00 -1.00000000e+00
   0.00000000e+00  0.00000000e+00 -1.00000000e+00 -1.00000000e+00]
 [-1.00000000e+00 -1.00000000e+00 -1.00000000e+00  0.00000000e+00
   0.00000000e+00  0.00000000e+00  0.00000000e+00 -1.00000000e+00
  -1.00000000e+00 -1.00000000e+00 -1.00000000e+00 -1.00000000e+00
   0.00000000e+00  0.00000000e+00 -1.00000000e+00 -1.00000000e+00
  -1.00000000e+00 -1.00000000e+00 -1.00000000e+00 -1.00000000e+00
   0.00000000e+00  0.00000000e+00 -1.00000000e+00 -1.00000000e+00]
 [-1.00000000e+00 -1.00000000e+00 -1.00000000e+00  0.00000000e+00
   0.00000000e+00  0.00000000e+00  0.00000000e+00 -1.00000000e+00
  -1.00000000e+00 -1.00000000e+00 -1.00000000e+00 -1.00000000e+00
   0.00000000e+00  0.00000000e+00  0.00000000e+00  0.00000000e+00
   0.00000000e+00  0.00000000e+00  0.00000000e+00  0.00000000e+00
   0.00000000e+00  0.00000000e+00 -1.00000000e+00 -1.00000000e+00]
 [-1.00000000e+00 -1.00000000e+00 -1.00000000e+00  0.00000000e+00
   0.00000000e+00  0.00000000e+00  0.00000000e+00 -1.00000000e+00
   0.00000000e+00  0.00000000e+00  0.00000000e+00  0.00000000e+00
   0.00000000e+00  0.00000000e+00 -1.00000000e+00 -1.00000000e+00
   0.00000000e+00  0.00000000e+00  0.00000000e+00  0.00000000e+00
   0.00000000e+00 -1.00000000e+00 -1.00000000e+00 -1.00000000e+00]
 [-1.00000000e+00 -1.00000000e+00 -1.00000000e+00  0.00000000e+00
   0.00000000e+00  0.00000000e+00  0.00000000e+00 -1.00000000e+00
   0.00000000e+00  0.00000000e+00  0.00000000e+00  0.00000000e+00
   0.00000000e+00  0.00000000e+00 -1.00000000e+00 -1.00000000e+00
   0.00000000e+00  0.00000000e+00  0.00000000e+00  0.00000000e+00
   0.00000000e+00 -1.00000000e+00 -1.00000000e+00 -1.00000000e+00]
 [-1.00000000e+00 -1.00000000e+00 -1.00000000e+00  0.00000000e+00
   0.00000000e+00  0.00000000e+00  0.00000000e+00 -1.00000000e+00
   0.00000000e+00  0.00000000e+00  0.00000000e+00  0.00000000e+00
   0.00000000e+00  0.00000000e+00 -1.00000000e+00 -1.00000000e+00
   0.00000000e+00  0.00000000e+00  0.00000000e+00  0.00000000e+00
   0.00000000e+00 -1.00000000e+00 -1.00000000e+00 -1.00000000e+00]
 [-1.00000000e+00 -1.00000000e+00 -1.00000000e+00  0.00000000e+00
   0.00000000e+00  0.00000000e+00  0.00000000e+00 -1.00000000e+00
   0.00000000e+00  0.00000000e+00  0.00000000e+00  0.00000000e+00
   0.00000000e+00  0.00000000e+00  0.00000000e+00  0.00000000e+00
   0.00000000e+00  0.00000000e+00  0.00000000e+00  0.00000000e+00
   0.00000000e+00 -1.00000000e+00 -1.00000000e+00 -1.00000000e+00]
 [-1.00000000e+00 -1.00000000e+00 -1.00000000e+00  0.00000000e+00
  -1.00000000e+00 -1.00000000e+00 -1.00000000e+00 -1.00000000e+00
   0.00000000e+00  0.00000000e+00  0.00000000e+00  0.00000000e+00
   0.00000000e+00  0.00000000e+00  0.00000000e+00  0.00000000e+00
   0.00000000e+00  0.00000000e+00  0.00000000e+00  0.00000000e+00
   0.00000000e+00 -1.00000000e+00 -1.00000000e+00 -1.00000000e+00]
 [-1.00000000e+00 -1.00000000e+00 -1.00000000e+00  0.00000000e+00
  -1.00000000e+00 -1.00000000e+00 -1.00000000e+00 -1.00000000e+00
   0.00000000e+00  0.00000000e+00  0.00000000e+00  0.00000000e+00
   0.00000000e+00  0.00000000e+00  0.00000000e+00  0.00000000e+00
   0.00000000e+00  0.00000000e+00  0.00000000e+00 -1.00000000e+00
  -1.00000000e+00 -1.00000000e+00 -1.00000000e+00 -1.00000000e+00]
 [-1.00000000e+00 -1.00000000e+00 -1.00000000e+00 -1.00000000e+00
  -1.00000000e+00 -1.00000000e+00 -1.00000000e+00 -1.00000000e+00
  -1.00000000e+00 -1.00000000e+00 -1.00000000e+00 -1.00000000e+00
  -1.00000000e+00 -1.00000000e+00 -1.00000000e+00 -1.00000000e+00
  -1.00000000e+00 -1.00000000e+00 -1.00000000e+00 -1.00000000e+00
  -1.00000000e+00 -1.00000000e+00 -1.00000000e+00 -1.00000000e+00]]

[[-1.00000000e+00 -1.00000000e+00 -1.00000000e+00 -1.00000000e+00
  -1.00000000e+00 -1.00000000e+00 -1.00000000e+00 -1.00000000e+00
  -1.00000000e+00 -1.00000000e+00 -1.00000000e+00 -1.00000000e+00
  -1.00000000e+00 -1.00000000e+00 -1.00000000e+00 -1.00000000e+00
  -1.00000000e+00 -1.00000000e+00 -1.00000000e+00 -1.00000000e+00
  -1.00000000e+00 -1.00000000e+00 -1.00000000e+00 -1.00000000e+00]
 [-1.00000000e+00  2.35891039e-03  1.79048357e-02  3.65833827e-03
   8.31670091e-03  1.38562587e-03  3.81907637e-04 -1.00000000e+00
  -1.00000000e+00 -1.00000000e+00  0.00000000e+00  0.00000000e+00
   0.00000000e+00  0.00000000e+00 -1.00000000e+00 -1.00000000e+00
  -1.00000000e+00 -1.00000000e+00 -1.00000000e+00 -1.00000000e+00
  -1.00000000e+00 -1.00000000e+00 -1.00000000e+00 -1.00000000e+00]
 [-1.00000000e+00 -1.00000000e+00 -1.00000000e+00 -1.00000000e+00
  -1.00000000e+00  6.52320004e-03  6.82947237e-04 -1.00000000e+00
  -1.00000000e+00 -1.00000000e+00  0.00000000e+00  0.00000000e+00
   0.00000000e+00  0.00000000e+00 -1.00000000e+00 -1.00000000e+00
  -1.00000000e+00 -1.00000000e+00 -1.00000000e+00 -1.00000000e+00
  -1.00000000e+00 -1.00000000e+00 -1.00000000e+00 -1.00000000e+00]
 [-1.00000000e+00 -1.00000000e+00 -1.00000000e+00 -1.00000000e+00
  -1.00000000e+00  5.06832798e-03  5.62059802e-03 -1.00000000e+00
  -1.00000000e+00 -1.00000000e+00  0.00000000e+00  0.00000000e+00
   0.00000000e+00  0.00000000e+00 -1.00000000e+00 -1.00000000e+00
  -1.00000000e+00 -1.00000000e+00 -1.00000000e+00 -1.00000000e+00
  -1.00000000e+00 -1.00000000e+00 -1.00000000e+00 -1.00000000e+00]
 [-1.00000000e+00 -1.00000000e+00 -1.00000000e+00 -1.00000000e+00
  -1.00000000e+00  3.00876401e-02  1.43587093e-02 -1.00000000e+00
  -1.00000000e+00 -1.00000000e+00 -1.00000000e+00 -1.00000000e+00
   0.00000000e+00  0.00000000e+00 -1.00000000e+00 -1.00000000e+00
  -1.00000000e+00 -1.00000000e+00 -1.00000000e+00 -1.00000000e+00
  -1.00000000e+00 -1.00000000e+00 -1.00000000e+00 -1.00000000e+00]
 [-1.00000000e+00 -1.00000000e+00 -1.00000000e+00 -1.00000000e+00
  -1.00000000e+00  5.35521849e-02  6.30528457e-02 -1.00000000e+00
  -1.00000000e+00 -1.00000000e+00 -1.00000000e+00 -1.00000000e+00
   0.00000000e+00  0.00000000e+00 -1.00000000e+00 -1.00000000e+00
  -1.00000000e+00 -1.00000000e+00 -1.00000000e+00 -1.00000000e+00
  -1.00000000e+00 -1.00000000e+00 -1.00000000e+00 -1.00000000e+00]
 [-1.00000000e+00 -1.00000000e+00 -1.00000000e+00  1.20243031e-04
   5.22981010e-03  1.89050907e-01  1.23873205e-01 -1.00000000e+00
  -1.00000000e+00 -1.00000000e+00 -1.00000000e+00 -1.00000000e+00
   0.00000000e+00  0.00000000e+00 -1.00000000e+00 -1.00000000e+00
  -1.00000000e+00 -1.00000000e+00 -1.00000000e+00 -1.00000000e+00
  -1.00000000e+00 -1.00000000e+00 -1.00000000e+00 -1.00000000e+00]
 [-1.00000000e+00 -1.00000000e+00 -1.00000000e+00  4.71583888e-05
   5.45056922e-03  1.24016279e-01  1.00003251e-01 -1.00000000e+00
  -1.00000000e+00 -1.00000000e+00 -1.00000000e+00 -1.00000000e+00
   0.00000000e+00  0.00000000e+00 -1.00000000e+00 -1.00000000e+00
  -1.00000000e+00 -1.00000000e+00 -1.00000000e+00 -1.00000000e+00
   0.00000000e+00  0.00000000e+00  0.00000000e+00 -1.00000000e+00]
 [-1.00000000e+00 -1.00000000e+00 -1.00000000e+00  1.06401833e-05
   1.71287863e-03  8.47419999e-02  6.38679342e-02 -1.00000000e+00
  -1.00000000e+00 -1.00000000e+00 -1.00000000e+00 -1.00000000e+00
   0.00000000e+00  0.00000000e+00 -1.00000000e+00 -1.00000000e+00
  -1.00000000e+00 -1.00000000e+00 -1.00000000e+00 -1.00000000e+00
   0.00000000e+00  0.00000000e+00  0.00000000e+00 -1.00000000e+00]
 [-1.00000000e+00 -1.00000000e+00 -1.00000000e+00  0.00000000e+00
   4.78848861e-04  3.31039228e-02  2.90689719e-02  2.67297092e-04
   0.00000000e+00  0.00000000e+00  0.00000000e+00  0.00000000e+00
   0.00000000e+00  0.00000000e+00 -1.00000000e+00 -1.00000000e+00
  -1.00000000e+00 -1.00000000e+00 -1.00000000e+00 -1.00000000e+00
   0.00000000e+00  0.00000000e+00 -1.00000000e+00 -1.00000000e+00]
 [-1.00000000e+00 -1.00000000e+00 -1.00000000e+00  0.00000000e+00
   3.24261259e-05  1.22317020e-02  1.01280510e-02  3.38424883e-05
   0.00000000e+00  0.00000000e+00  0.00000000e+00  0.00000000e+00
   0.00000000e+00  0.00000000e+00 -1.00000000e+00 -1.00000000e+00
  -1.00000000e+00 -1.00000000e+00 -1.00000000e+00 -1.00000000e+00
   0.00000000e+00  0.00000000e+00 -1.00000000e+00 -1.00000000e+00]
 [-1.00000000e+00 -1.00000000e+00 -1.00000000e+00  0.00000000e+00
   0.00000000e+00  1.81159764e-03  1.76569123e-03 -1.00000000e+00
  -1.00000000e+00 -1.00000000e+00 -1.00000000e+00 -1.00000000e+00
   0.00000000e+00  0.00000000e+00 -1.00000000e+00 -1.00000000e+00
  -1.00000000e+00 -1.00000000e+00 -1.00000000e+00 -1.00000000e+00
   0.00000000e+00  0.00000000e+00 -1.00000000e+00 -1.00000000e+00]
 [-1.00000000e+00 -1.00000000e+00 -1.00000000e+00  0.00000000e+00
   0.00000000e+00  0.00000000e+00  0.00000000e+00 -1.00000000e+00
  -1.00000000e+00 -1.00000000e+00 -1.00000000e+00 -1.00000000e+00
   0.00000000e+00  0.00000000e+00 -1.00000000e+00 -1.00000000e+00
  -1.00000000e+00 -1.00000000e+00 -1.00000000e+00 -1.00000000e+00
   0.00000000e+00  0.00000000e+00 -1.00000000e+00 -1.00000000e+00]
 [-1.00000000e+00 -1.00000000e+00 -1.00000000e+00  0.00000000e+00
   0.00000000e+00  0.00000000e+00  0.00000000e+00 -1.00000000e+00
  -1.00000000e+00 -1.00000000e+00 -1.00000000e+00 -1.00000000e+00
   0.00000000e+00  0.00000000e+00 -1.00000000e+00 -1.00000000e+00
  -1.00000000e+00 -1.00000000e+00 -1.00000000e+00 -1.00000000e+00
   0.00000000e+00  0.00000000e+00 -1.00000000e+00 -1.00000000e+00]
 [-1.00000000e+00 -1.00000000e+00 -1.00000000e+00  0.00000000e+00
   0.00000000e+00  0.00000000e+00  0.00000000e+00 -1.00000000e+00
  -1.00000000e+00 -1.00000000e+00 -1.00000000e+00 -1.00000000e+00
   0.00000000e+00  0.00000000e+00 -1.00000000e+00 -1.00000000e+00
  -1.00000000e+00 -1.00000000e+00 -1.00000000e+00 -1.00000000e+00
   0.00000000e+00  0.00000000e+00 -1.00000000e+00 -1.00000000e+00]
 [-1.00000000e+00 -1.00000000e+00 -1.00000000e+00  0.00000000e+00
   0.00000000e+00  0.00000000e+00  0.00000000e+00 -1.00000000e+00
  -1.00000000e+00 -1.00000000e+00 -1.00000000e+00 -1.00000000e+00
   0.00000000e+00  0.00000000e+00  0.00000000e+00  0.00000000e+00
   0.00000000e+00  0.00000000e+00  0.00000000e+00  0.00000000e+00
   0.00000000e+00  0.00000000e+00 -1.00000000e+00 -1.00000000e+00]
 [-1.00000000e+00 -1.00000000e+00 -1.00000000e+00  0.00000000e+00
   0.00000000e+00  0.00000000e+00  0.00000000e+00 -1.00000000e+00
   0.00000000e+00  0.00000000e+00  0.00000000e+00  0.00000000e+00
   0.00000000e+00  0.00000000e+00 -1.00000000e+00 -1.00000000e+00
   0.00000000e+00  0.00000000e+00  0.00000000e+00  0.00000000e+00
   0.00000000e+00 -1.00000000e+00 -1.00000000e+00 -1.00000000e+00]
 [-1.00000000e+00 -1.00000000e+00 -1.00000000e+00  0.00000000e+00
   0.00000000e+00  0.00000000e+00  0.00000000e+00 -1.00000000e+00
   0.00000000e+00  0.00000000e+00  0.00000000e+00  0.00000000e+00
   0.00000000e+00  0.00000000e+00 -1.00000000e+00 -1.00000000e+00
   0.00000000e+00  0.00000000e+00  0.00000000e+00  0.00000000e+00
   0.00000000e+00 -1.00000000e+00 -1.00000000e+00 -1.00000000e+00]
 [-1.00000000e+00 -1.00000000e+00 -1.00000000e+00  0.00000000e+00
   0.00000000e+00  0.00000000e+00  0.00000000e+00 -1.00000000e+00
   0.00000000e+00  0.00000000e+00  0.00000000e+00  0.00000000e+00
   0.00000000e+00  0.00000000e+00 -1.00000000e+00 -1.00000000e+00
   0.00000000e+00  0.00000000e+00  0.00000000e+00  0.00000000e+00
   0.00000000e+00 -1.00000000e+00 -1.00000000e+00 -1.00000000e+00]
 [-1.00000000e+00 -1.00000000e+00 -1.00000000e+00  0.00000000e+00
   0.00000000e+00  0.00000000e+00  0.00000000e+00 -1.00000000e+00
   0.00000000e+00  0.00000000e+00  0.00000000e+00  0.00000000e+00
   0.00000000e+00  0.00000000e+00  0.00000000e+00  0.00000000e+00
   0.00000000e+00  0.00000000e+00  0.00000000e+00  0.00000000e+00
   0.00000000e+00 -1.00000000e+00 -1.00000000e+00 -1.00000000e+00]
 [-1.00000000e+00 -1.00000000e+00 -1.00000000e+00  0.00000000e+00
  -1.00000000e+00 -1.00000000e+00 -1.00000000e+00 -1.00000000e+00
   0.00000000e+00  0.00000000e+00  0.00000000e+00  0.00000000e+00
   0.00000000e+00  0.00000000e+00  0.00000000e+00  0.00000000e+00
   0.00000000e+00  0.00000000e+00  0.00000000e+00  0.00000000e+00
   0.00000000e+00 -1.00000000e+00 -1.00000000e+00 -1.00000000e+00]
 [-1.00000000e+00 -1.00000000e+00 -1.00000000e+00  0.00000000e+00
  -1.00000000e+00 -1.00000000e+00 -1.00000000e+00 -1.00000000e+00
   0.00000000e+00  0.00000000e+00  0.00000000e+00  0.00000000e+00
   0.00000000e+00  0.00000000e+00  0.00000000e+00  0.00000000e+00
   0.00000000e+00  0.00000000e+00  0.00000000e+00 -1.00000000e+00
  -1.00000000e+00 -1.00000000e+00 -1.00000000e+00 -1.00000000e+00]
 [-1.00000000e+00 -1.00000000e+00 -1.00000000e+00 -1.00000000e+00
  -1.00000000e+00 -1.00000000e+00 -1.00000000e+00 -1.00000000e+00
  -1.00000000e+00 -1.00000000e+00 -1.00000000e+00 -1.00000000e+00
  -1.00000000e+00 -1.00000000e+00 -1.00000000e+00 -1.00000000e+00
  -1.00000000e+00 -1.00000000e+00 -1.00000000e+00 -1.00000000e+00
  -1.00000000e+00 -1.00000000e+00 -1.00000000e+00 -1.00000000e+00]]

[[-1.00000000e+00 -1.00000000e+00 -1.00000000e+00 -1.00000000e+00
  -1.00000000e+00 -1.00000000e+00 -1.00000000e+00 -1.00000000e+00
  -1.00000000e+00 -1.00000000e+00 -1.00000000e+00 -1.00000000e+00
  -1.00000000e+00 -1.00000000e+00 -1.00000000e+00 -1.00000000e+00
  -1.00000000e+00 -1.00000000e+00 -1.00000000e+00 -1.00000000e+00
  -1.00000000e+00 -1.00000000e+00 -1.00000000e+00 -1.00000000e+00]
 [-1.00000000e+00  7.60955519e-03  3.55986760e-03  1.11441531e-02
   1.61368286e-03  3.65135650e-03  6.85641855e-05 -1.00000000e+00
  -1.00000000e+00 -1.00000000e+00  0.00000000e+00  0.00000000e+00
   0.00000000e+00  0.00000000e+00 -1.00000000e+00 -1.00000000e+00
  -1.00000000e+00 -1.00000000e+00 -1.00000000e+00 -1.00000000e+00
  -1.00000000e+00 -1.00000000e+00 -1.00000000e+00 -1.00000000e+00]
 [-1.00000000e+00 -1.00000000e+00 -1.00000000e+00 -1.00000000e+00
  -1.00000000e+00  1.17050545e-03  7.49548021e-04 -1.00000000e+00
  -1.00000000e+00 -1.00000000e+00  0.00000000e+00  0.00000000e+00
   0.00000000e+00  0.00000000e+00 -1.00000000e+00 -1.00000000e+00
  -1.00000000e+00 -1.00000000e+00 -1.00000000e+00 -1.00000000e+00
  -1.00000000e+00 -1.00000000e+00 -1.00000000e+00 -1.00000000e+00]
 [-1.00000000e+00 -1.00000000e+00 -1.00000000e+00 -1.00000000e+00
  -1.00000000e+00  5.82740215e-03  1.02275002e-03 -1.00000000e+00
  -1.00000000e+00 -1.00000000e+00  0.00000000e+00  0.00000000e+00
   0.00000000e+00  0.00000000e+00 -1.00000000e+00 -1.00000000e+00
  -1.00000000e+00 -1.00000000e+00 -1.00000000e+00 -1.00000000e+00
  -1.00000000e+00 -1.00000000e+00 -1.00000000e+00 -1.00000000e+00]
 [-1.00000000e+00 -1.00000000e+00 -1.00000000e+00 -1.00000000e+00
  -1.00000000e+00  5.52138837e-03  6.97759754e-03 -1.00000000e+00
  -1.00000000e+00 -1.00000000e+00 -1.00000000e+00 -1.00000000e+00
   0.00000000e+00  0.00000000e+00 -1.00000000e+00 -1.00000000e+00
  -1.00000000e+00 -1.00000000e+00 -1.00000000e+00 -1.00000000e+00
  -1.00000000e+00 -1.00000000e+00 -1.00000000e+00 -1.00000000e+00]
 [-1.00000000e+00 -1.00000000e+00 -1.00000000e+00 -1.00000000e+00
  -1.00000000e+00  2.70162808e-02  1.59773219e-02 -1.00000000e+00
  -1.00000000e+00 -1.00000000e+00 -1.00000000e+00 -1.00000000e+00
   0.00000000e+00  0.00000000e+00 -1.00000000e+00 -1.00000000e+00
  -1.00000000e+00 -1.00000000e+00 -1.00000000e+00 -1.00000000e+00
  -1.00000000e+00 -1.00000000e+00 -1.00000000e+00 -1.00000000e+00]
 [-1.00000000e+00 -1.00000000e+00 -1.00000000e+00  2.22935006e-04
   8.04232905e-03  5.24837927e-02  6.06593808e-02 -1.00000000e+00
  -1.00000000e+00 -1.00000000e+00 -1.00000000e+00 -1.00000000e+00
   0.00000000e+00  0.00000000e+00 -1.00000000e+00 -1.00000000e+00
  -1.00000000e+00 -1.00000000e+00 -1.00000000e+00 -1.00000000e+00
  -1.00000000e+00 -1.00000000e+00 -1.00000000e+00 -1.00000000e+00]
 [-1.00000000e+00 -1.00000000e+00 -1.00000000e+00  3.26341011e-04
   9.27416891e-03  1.58653224e-01  1.11356780e-01 -1.00000000e+00
  -1.00000000e+00 -1.00000000e+00 -1.00000000e+00 -1.00000000e+00
   0.00000000e+00  0.00000000e+00 -1.00000000e+00 -1.00000000e+00
  -1.00000000e+00 -1.00000000e+00 -1.00000000e+00 -1.00000000e+00
   0.00000000e+00  0.00000000e+00  0.00000000e+00 -1.00000000e+00]
 [-1.00000000e+00 -1.00000000e+00 -1.00000000e+00  1.09541586e-04
   8.97878707e-03  1.21340202e-01  9.86973851e-02 -1.00000000e+00
  -1.00000000e+00 -1.00000000e+00 -1.00000000e+00 -1.00000000e+00
   0.00000000e+00  0.00000000e+00 -1.00000000e+00 -1.00000000e+00
  -1.00000000e+00 -1.00000000e+00 -1.00000000e+00 -1.00000000e+00
   0.00000000e+00  0.00000000e+00  0.00000000e+00 -1.00000000e+00]
 [-1.00000000e+00 -1.00000000e+00 -1.00000000e+00  2.86415527e-05
   3.32075071e-03  8.87055207e-02  6.84737420e-02  1.24406114e-03
   1.13601264e-05  0.00000000e+00  0.00000000e+00  0.00000000e+00
   0.00000000e+00  0.00000000e+00 -1.00000000e+00 -1.00000000e+00
  -1.00000000e+00 -1.00000000e+00 -1.00000000e+00 -1.00000000e+00
   0.00000000e+00  0.00000000e+00 -1.00000000e+00 -1.00000000e+00]
 [-1.00000000e+00 -1.00000000e+00 -1.00000000e+00  1.37811035e-06
   8.86166712e-04  4.07702946e-02  3.47583095e-02  6.34924443e-04
   1.00681403e-05  0.00000000e+00  0.00000000e+00  0.00000000e+00
   0.00000000e+00  0.00000000e+00 -1.00000000e+00 -1.00000000e+00
  -1.00000000e+00 -1.00000000e+00 -1.00000000e+00 -1.00000000e+00
   0.00000000e+00  0.00000000e+00 -1.00000000e+00 -1.00000000e+00]
 [-1.00000000e+00 -1.00000000e+00 -1.00000000e+00  0.00000000e+00
   1.01798886e-04  1.71094311e-02  1.41217302e-02 -1.00000000e+00
  -1.00000000e+00 -1.00000000e+00 -1.00000000e+00 -1.00000000e+00
   0.00000000e+00  0.00000000e+00 -1.00000000e+00 -1.00000000e+00
  -1.00000000e+00 -1.00000000e+00 -1.00000000e+00 -1.00000000e+00
   0.00000000e+00  0.00000000e+00 -1.00000000e+00 -1.00000000e+00]
 [-1.00000000e+00 -1.00000000e+00 -1.00000000e+00  0.00000000e+00
   0.00000000e+00  4.29266627e-03  2.85891696e-03 -1.00000000e+00
  -1.00000000e+00 -1.00000000e+00 -1.00000000e+00 -1.00000000e+00
   0.00000000e+00  0.00000000e+00 -1.00000000e+00 -1.00000000e+00
  -1.00000000e+00 -1.00000000e+00 -1.00000000e+00 -1.00000000e+00
   0.00000000e+00  0.00000000e+00 -1.00000000e+00 -1.00000000e+00]
 [-1.00000000e+00 -1.00000000e+00 -1.00000000e+00  0.00000000e+00
   0.00000000e+00  6.15398922e-04  0.00000000e+00 -1.00000000e+00
  -1.00000000e+00 -1.00000000e+00 -1.00000000e+00 -1.00000000e+00
   0.00000000e+00  0.00000000e+00 -1.00000000e+00 -1.00000000e+00
  -1.00000000e+00 -1.00000000e+00 -1.00000000e+00 -1.00000000e+00
   0.00000000e+00  0.00000000e+00 -1.00000000e+00 -1.00000000e+00]
 [-1.00000000e+00 -1.00000000e+00 -1.00000000e+00  0.00000000e+00
   0.00000000e+00  0.00000000e+00  0.00000000e+00 -1.00000000e+00
  -1.00000000e+00 -1.00000000e+00 -1.00000000e+00 -1.00000000e+00
   0.00000000e+00  0.00000000e+00 -1.00000000e+00 -1.00000000e+00
  -1.00000000e+00 -1.00000000e+00 -1.00000000e+00 -1.00000000e+00
   0.00000000e+00  0.00000000e+00 -1.00000000e+00 -1.00000000e+00]
 [-1.00000000e+00 -1.00000000e+00 -1.00000000e+00  0.00000000e+00
   0.00000000e+00  0.00000000e+00  0.00000000e+00 -1.00000000e+00
  -1.00000000e+00 -1.00000000e+00 -1.00000000e+00 -1.00000000e+00
   0.00000000e+00  0.00000000e+00  0.00000000e+00  0.00000000e+00
   0.00000000e+00  0.00000000e+00  0.00000000e+00  0.00000000e+00
   0.00000000e+00  0.00000000e+00 -1.00000000e+00 -1.00000000e+00]
 [-1.00000000e+00 -1.00000000e+00 -1.00000000e+00  0.00000000e+00
   0.00000000e+00  0.00000000e+00  0.00000000e+00 -1.00000000e+00
   0.00000000e+00  0.00000000e+00  0.00000000e+00  0.00000000e+00
   0.00000000e+00  0.00000000e+00 -1.00000000e+00 -1.00000000e+00
   0.00000000e+00  0.00000000e+00  0.00000000e+00  0.00000000e+00
   0.00000000e+00 -1.00000000e+00 -1.00000000e+00 -1.00000000e+00]
 [-1.00000000e+00 -1.00000000e+00 -1.00000000e+00  0.00000000e+00
   0.00000000e+00  0.00000000e+00  0.00000000e+00 -1.00000000e+00
   0.00000000e+00  0.00000000e+00  0.00000000e+00  0.00000000e+00
   0.00000000e+00  0.00000000e+00 -1.00000000e+00 -1.00000000e+00
   0.00000000e+00  0.00000000e+00  0.00000000e+00  0.00000000e+00
   0.00000000e+00 -1.00000000e+00 -1.00000000e+00 -1.00000000e+00]
 [-1.00000000e+00 -1.00000000e+00 -1.00000000e+00  0.00000000e+00
   0.00000000e+00  0.00000000e+00  0.00000000e+00 -1.00000000e+00
   0.00000000e+00  0.00000000e+00  0.00000000e+00  0.00000000e+00
   0.00000000e+00  0.00000000e+00 -1.00000000e+00 -1.00000000e+00
   0.00000000e+00  0.00000000e+00  0.00000000e+00  0.00000000e+00
   0.00000000e+00 -1.00000000e+00 -1.00000000e+00 -1.00000000e+00]
 [-1.00000000e+00 -1.00000000e+00 -1.00000000e+00  0.00000000e+00
   0.00000000e+00  0.00000000e+00  0.00000000e+00 -1.00000000e+00
   0.00000000e+00  0.00000000e+00  0.00000000e+00  0.00000000e+00
   0.00000000e+00  0.00000000e+00  0.00000000e+00  0.00000000e+00
   0.00000000e+00  0.00000000e+00  0.00000000e+00  0.00000000e+00
   0.00000000e+00 -1.00000000e+00 -1.00000000e+00 -1.00000000e+00]
 [-1.00000000e+00 -1.00000000e+00 -1.00000000e+00  0.00000000e+00
  -1.00000000e+00 -1.00000000e+00 -1.00000000e+00 -1.00000000e+00
   0.00000000e+00  0.00000000e+00  0.00000000e+00  0.00000000e+00
   0.00000000e+00  0.00000000e+00  0.00000000e+00  0.00000000e+00
   0.00000000e+00  0.00000000e+00  0.00000000e+00  0.00000000e+00
   0.00000000e+00 -1.00000000e+00 -1.00000000e+00 -1.00000000e+00]
 [-1.00000000e+00 -1.00000000e+00 -1.00000000e+00  0.00000000e+00
  -1.00000000e+00 -1.00000000e+00 -1.00000000e+00 -1.00000000e+00
   0.00000000e+00  0.00000000e+00  0.00000000e+00  0.00000000e+00
   0.00000000e+00  0.00000000e+00  0.00000000e+00  0.00000000e+00
   0.00000000e+00  0.00000000e+00  0.00000000e+00 -1.00000000e+00
  -1.00000000e+00 -1.00000000e+00 -1.00000000e+00 -1.00000000e+00]
 [-1.00000000e+00 -1.00000000e+00 -1.00000000e+00 -1.00000000e+00
  -1.00000000e+00 -1.00000000e+00 -1.00000000e+00 -1.00000000e+00
  -1.00000000e+00 -1.00000000e+00 -1.00000000e+00 -1.00000000e+00
  -1.00000000e+00 -1.00000000e+00 -1.00000000e+00 -1.00000000e+00
  -1.00000000e+00 -1.00000000e+00 -1.00000000e+00 -1.00000000e+00
  -1.00000000e+00 -1.00000000e+00 -1.00000000e+00 -1.00000000e+00]]

